294 817
542 214
239 421
630 24
165 67
165 316
165 31
228 605
165 67
605 228
165 344
443 86
543 838
863 83
165 344
1001 506
731 680
646 369
569 599
569 0
569 178
506 1001
569 976
569 605
569 519
569 228
605 502
544 214
697 83
867 236
316 165
1001 506
1001 14
284 422
443 86
646 513
506 14
506 1001
469 167
294 313
313 294
644 506
506 644
1001 14
1001 506
644 199
629 630
693 470
693 862
693 538
693 333
693 249
693 78
693 710
569 339
693 502
885 313
605 789
506 1001
506 1001
817 294
528 923
316 31
316 165
738 783
506 1001
506 14
506 1001
228 605
605 228
772 923
159 713
316 392
506 1001
680 731
506 199
506 644
392 316
772 923
569 767
923 772
569 6
644 14
746 935
807 214
214 290
686 577
746 935
746 742
746 692
605 228
630 629
556 168
14 702
630 493
746 935
746 692
232 790
168 790
654 738
126 586
746 935
746 668
746 668
746 935
214 617
693 6
746 668
746 413
746 687
746 935
731 214
746 692
746 413
746 935
746 992
214 807
702 14
932 135
932 581
746 668
214 147
569 409
530 214
335 90
920 630
290 214
421 795
935 668
935 413
795 421
569 470
569 862
569 538
569 991
569 333
569 710
569 502
569 249
569 693
569 295
569 78
260 573
617 214
306 790
697 855
181 189
181 189
439 168
556 949
790 306
506 14
506 1001
168 260
586 126
165 344
165 31
165 401
50 402
147 214
147 214
697 540
697 873
697 925
165 316
693 409
571 900
693 976
571 776
571 776
571 530
571 900
454 592
454 401
980 107
646 62
270 502
935 413
605 333
571 530
571 530
534 214
644 924
571 161
742 443
571 534
542 500
500 586
571 160
630 629
571 935
571 900
571 776
571 776
571 742
571 684
571 870
605 333
571 663
571 530
422 731
422 284
571 870
571 160
571 160
571 663
571 450
571 450
571 663
571 900
630 700
67 963
67 846
67 344
67 165
67 207
716 980
530 851
506 1001
506 14
1001 14
1001 506
920 274
866 377
577 686
846 561
581 932
62 159
62 214
957 990
957 990
571 742
454 401
571 62
260 77
935 746
571 742
546 75
322 706
197 326
502 270
322 706
333 605
126 586
13 532
912 782
605 333
738 719
530 571
502 178
935 413
56 482
571 62
435 267
502 270
435 586
502 605
435 586
506 14
506 1001
401 98
401 415
401 429
401 291
401 454
401 165
32 197
410 541
410 650
410 837
546 75
500 814
798 692
260 648
693 0
693 599
693 178
693 605
693 228
595 372
275 849
275 175
410 1001
506 173
316 428
316 915
692 214
846 561
236 867
316 990
435 586
435 267
502 693
693 767
410 482
410 251
571 62
571 542
571 394
571 277
571 285
571 900
571 530
571 285
571 277
571 900
571 935
571 394
571 870
571 731
571 900
571 160
571 530
571 394
571 885
571 394
571 885
410 153
410 16
410 76
410 969
410 994
410 433
410 175
410 777
410 924
410 122
435 267
571 684
571 285
571 277
571 160
571 394
571 530
571 62
435 586
577 686
333 502
38 334
333 862
333 538
333 312
333 710
333 249
333 693
333 78
333 6
333 409
333 767
333 0
333 569
333 599
333 605
333 228
923 772
239 988
333 470
306 790
742 784
288 838
401 429
401 291
401 454
401 165
765 30
992 746
506 14
765 104
782 586
782 984
15 680
14 506
629 288
15 680
15 680
772 120
700 413
923 591
629 160
680 731
680 422
139 324
200 746
715 748
715 931
715 171
715 933
715 926
715 347
715 972
715 285
715 590
715 147
715 577
715 686
500 782
152 443
126 294
139 510
139 323
139 174
139 64
334 322
912 472
912 168
912 575
686 157
702 14
126 586
953 207
401 415
126 294
139 534
139 206
139 487
139 477
139 154
139 125
139 102
139 939
139 676
912 472
401 98
288 493
294 313
540 697
540 311
540 925
540 855
795 421
175 849
175 275
514 103
586 447
819 1003
586 447
586 166
849 275
849 175
101 423
294 126
104 126
101 866
782 126
648 126
214 807
424 421
13 532
424 795
424 421
424 795
126 294
692 540
680 284
126 294
936 581
782 126
126 586
275 849
275 175
126 782
807 214
680 422
275 849
530 629
347 157
454 713
288 445
288 629
288 493
288 561
454 592
454 401
454 713
953 957
454 592
454 401
454 713
288 445
288 629
288 493
288 561
288 445
454 401
454 592
454 713
454 401
581 936
181 552
294 126
772 923
772 923
165 316
165 31
165 401
288 561
165 67
629 530
586 126
772 120
772 454
765 104
936 581
74 126
454 592
765 104
540 692
443 86
443 662
2 790
2 700
256 721
644 924
126 104
746 812
746 542
746 157
746 935
746 586
746 356
746 692
746 665
746 684
423 849
644 924
731 746
67 207
104 126
67 846
648 721
353 951
592 609
592 454
592 713
924 644
14 702
721 104
104 721
923 193
707 951
104 721
680 284
104 126
935 413
700 2
334 534
334 38
67 963
692 746
586 126
935 746
923 541
923 921
923 738
923 528
746 935
849 423
731 422
541 923
702 14
746 668
746 550
746 923
746 687
746 935
746 692
175 849
175 275
923 772
923 738
923 921
923 541
935 413
413 935
935 413
692 214
746 517
306 784
306 784
283 586
353 239
935 413
935 668
935 413
817 274
935 668
935 668
935 668
746 692
692 581
935 746
592 609
698 764
698 245
996 506
147 214
506 996
506 14
506 1001
126 586
1001 506
126 74
236 867
810 440
530 267
530 838
316 200
74 126
629 530
335 980
14 702
980 335
159 692
680 731
680 731
32 61
126 104
828 666
443 152
90 168
90 416
502 178
294 126
772 923
692 540
516 783
506 996
790 306
167 978
152 443
946 472
147 715
159 692
692 540
66 52
306 214
424 658
746 731
746 692
126 586
530 858
530 630
713 454
746 935
119 880
746 812
181 696
228 605
812 746
644 924
698 540
698 840
698 231
698 873
928 761
605 228
605 228
818 438
680 284
401 98
401 415
401 429
401 291
401 454
401 165
992 746
561 838
980 479
159 214
2 790
996 506
62 168
935 746
90 656
2 629
818 58
880 119
644 506
761 783
990 957
14 644
978 851
978 167
423 275
644 14
724 293
469 167
338 193
693 502
422 731
693 502
935 413
506 850
506 738
167 656
702 14
738 506
260 168
698 540
731 746
840 231
137 273
14 702
31 24
992 935
738 923
284 731
101 724
629 267
644 14
435 90
532 516
306 83
236 1004
1004 236
236 1004
290 214
912 356
16 19
698 840
698 231
698 873
48 458
782 45
648 602
648 133
648 472
724 14
14 724
66 782
782 45
77 260
644 14
214 112
731 8
422 731
724 14
14 506
454 401
48 558
48 319
48 25
48 216
698 245
698 764
104 765
506 541
782 586
14 702
126 586
506 1001
137 523
506 14
410 719
912 356
126 586
656 90
435 782
14 924
126 586
48 956
410 14
648 416
137 273
126 586
817 274
369 62
1001 506
347 933
267 530
62 369
933 347
267 891
369 62
267 952
530 267
500 435
633 433
175 849
175 275
530 267
228 693
104 908
267 629
936 765
849 275
721 104
646 535
646 551
646 854
646 542
646 823
646 369
646 62
646 113
646 513
646 485
646 250
646 444
720 587
936 581
185 915
685 530
849 175
782 126
500 782
90 935
249 0
249 1004
249 201
249 114
644 14
500 586
500 782
528 867
530 692
915 185
932 692
214 159
932 692
14 644
104 765
1004 236
609 592
249 236
249 410
249 6
249 595
126 782
322 534
322 591
423 275
267 530
267 530
149 716
530 267
137 523
73 499
812 700
422 731
113 62
113 62
249 977
249 409
249 149
249 716
702 14
152 443
90 656
542 62
506 14
506 1001
30 790
165 31
306 214
306 214
506 1001
165 31
697 855
311 773
955 925
506 996
427 955
540 427
955 819
41 723
422 731
790 812
696 181
180 727
790 2
790 30
62 800
800 62
561 631
62 800
800 62
14 1001
14 506
1001 14
1001 506
561 631
369 263
790 648
1001 506
1001 506
369 263
369 62
267 530
774 947
774 947
947 774
74 112
74 392
774 947
721 104
207 165
112 392
112 74
788 638
572 246
723 758
935 992
207 795
207 373
207 469
207 424
469 167
880 113
506 541
629 978
541 506
592 454
774 947
947 774
720 587
502 862
502 188
502 189
502 280
935 668
62 800
992 935
891 267
165 428
267 891
500 435
891 267
891 267
260 573
592 609
891 267
1001 14
1001 506
126 586
236 0
506 14
506 1001
369 263
643 335
322 879
932 692
502 538
181 274
231 2
541 506
541 657
506 541
506 14
530 267
175 532
629 526
231 840
0 236
28 987
643 381
443 86
443 152
443 86
532 516
14 724
738 783
738 719
422 731
629 288
214 515
912 782
912 575
746 935
214 62
260 77
65 923
77 260
369 263
14 702
920 656
629 24
629 685
14 924
14 173
14 506
14 199
790 126
790 168
168 575
790 648
657 541
168 586
168 126
648 790
290 214
575 168
2 231
14 506
62 800
586 984
586 126
586 782
586 126
629 846
629 280
629 360
629 630
629 891
629 631
629 160
629 530
629 445
629 493
629 658
530 629
514 378
532 175
586 500
586 166
586 573
586 759
629 561
644 199
996 418
551 743
67 344
67 165
67 207
67 561
306 742
971 543
74 126
506 1001
499 48
499 321
334 214
530 891
721 532
200 857
249 0
692 742
1001 506
67 846
249 716
67 963
790 112
126 586
335 90
435 782
870 405
435 782
629 526
629 24
629 685
629 846
629 360
629 630
629 891
629 631
629 160
629 493
629 561
629 658
2 700
592 209
506 1001
90 464
698 245
698 764
13 532
953 957
586 984
369 263
90 625
957 953
181 189
294 126
851 978
506 199
506 644
644 924
629 530
200 772
644 506
698 873
698 231
698 840
698 540
535 113
90 464
191 692
716 249
759 586
759 126
759 168
90 625
742 400
514 323
249 716
644 506
644 199
790 812
746 935
746 935
746 935
738 783
605 502
738 14
742 835
742 83
67 846
67 344
67 207
67 561
721 532
228 693
294 648
648 260
980 718
90 335
530 630
905 281
443 742
693 599
90 356
935 530
502 118
67 963
502 178
214 239
195 896
165 67
1001 14
1001 506
165 316
165 31
260 648
896 195
586 984
949 556
586 214
514 323
67 963
67 846
67 344
67 165
67 207
67 561
935 992
443 677
648 294
126 586
506 14
592 609
905 281
167 410
905 281
90 883
742 901
742 229
742 993
742 443
742 86
742 863
742 784
742 659
742 692
742 306
742 769
506 1001
586 168
586 126
586 759
200 344
506 1001
905 281
586 111
239 214
715 748
715 926
75 546
742 152
323 514
742 306
586 126
586 984
199 644
165 316
165 31
165 401
499 321
742 443
738 1001
738 597
738 13
802 572
802 596
165 207
401 98
401 415
401 429
401 291
401 454
936 581
205 193
530 629
15 680
530 685
422 731
500 435
581 936
317 441
424 990
963 67
720 731
617 923
506 1001
697 83
306 229
1001 506
165 401
165 31
165 344
165 316
165 31
165 67
165 344
165 401
165 401
165 31
165 344
246 572
260 573
31 165
268 117
268 98
268 633
885 294
112 267
500 814
500 814
15 680
294 885
720 587
718 980
294 885
587 720
886 482
648 790
19 407
275 423
275 849
275 175
19 16
506 644
506 199
267 166
443 86
268 454
268 713
268 291
963 67
305 425
963 67
316 392
425 305
1001 506
425 946
441 317
644 506
644 199
392 316
680 15
506 14
506 1001
167 469
294 817
1001 506
506 1001
506 1001
648 126
502 605
648 721
745 828
126 648
723 41
506 1001
104 356
644 506
644 199
644 506
605 502
260 90
502 605
256 104
506 644
506 866
866 506
866 101
866 423
866 16
738 975
738 134
738 541
738 923
738 231
738 979
738 783
738 996
1001 14
738 644
738 671
772 200
716 149
228 693
16 377
866 246
866 149
866 716
738 921
15 680
1001 506
506 996
168 126
168 260
260 168
1001 506
260 77
260 168
586 126
586 168
335 90
506 1001
506 1001
1001 506
506 1001
506 1001
1001 506
506 1001
506 1001
168 759
168 586
605 502
800 62
506 541
506 199
506 738
837 924
506 1001
693 502
851 978
923 193
506 14
923 617
1001 506
1001 506
506 1001
1001 506
790 812
506 14
506 14
782 912
506 1001
479 90
168 266
500 782
912 30
260 439
136 383
500 586
500 166
500 416
500 762
2 790
2 700
2 790
2 700
199 506
112 166
260 762
630 700
260 77
2 500
168 790
2 790
136 971
168 439
500 782
949 260
757 932
168 260
168 439
168 77
168 949
506 14
506 1001
439 168
439 260
629 24
530 851
912 168
630 685
932 135
932 692
912 168
472 260
472 260
165 31
622 125
622 559
500 586
500 166
500 416
500 762
854 113
857 200
528 389
165 316
165 31
165 401
165 344
165 207
178 502
178 862
15 731
622 676
528 923
680 790
272 900
165 207
700 630
630 700
693 178
466 267
48 956
48 216
48 25
923 772
48 319
48 458
160 658
500 782
506 1001
746 534
746 223
443 152
410 996
48 558
15 422
810 107
500 814
949 168
949 168
932 135
932 692
932 135
932 692
885 759
629 415
313 356
313 472
540 329
540 231
540 245
439 949
788 323
24 891
924 644
949 260
757 932
949 77
949 439
923 633
14 702
193 692
90 807
844 956
757 932
844 758
784 83
692 932
949 439
949 266
949 77
949 260
949 168
784 83
136 200
1001 506
949 266
891 24
784 742
83 784
200 857
168 949
746 992
500 782
586 500
1001 506
260 439
260 266
260 77
260 168
260 949
260 472
32 746
246 423
246 101
757 932
168 648
200 428
200 915
746 32
746 197
746 935
231 540
1001 506
648 168
644 924
746 197
746 32
949 439
757 932
924 644
746 32
746 32
746 32
784 83
746 32
746 197
746 32
932 692
644 924
923 193
996 410
622 676
147 933
147 926
147 347
147 972
147 285
147 355
147 590
147 577
147 230
147 686
136 200
407 19
214 692
586 500
746 731
946 721
506 14
147 171
458 956
147 277
62 513
313 885
313 447
313 416
165 857
165 136
165 401
165 316
165 316
500 586
77 260
77 260
996 410
996 506
648 721
450 802
602 61
500 268
147 931
374 46
111 885
915 316
207 165
746 992
915 316
500 2
617 193
923 506
951 239
855 540
178 862
178 502
369 62
369 535
692 214
692 214
680 15
160 915
506 923
602 416
2 500
746 844
746 591
15 680
951 851
746 157
746 687
746 32
746 935
746 994
746 775
746 731
746 742
746 692
746 665
746 980
746 718
746 530
746 684
746 776
746 920
746 731
996 418
629 24
586 762
178 862
784 306
784 83
178 862
178 502
256 885
256 416
256 313
630 700
90 898
746 731
746 197
746 32
256 104
746 197
746 32
306 784
293 724
214 742
410 996
742 214
622 125
622 559
622 510
924 644
924 837
622 559
500 782
644 924
622 676
622 125
622 559
622 510
924 644
500 2
695 450
828 745
159 214
742 159
862 923
862 502
862 178
110 674
83 784
65 193
908 765
513 62
260 762
313 416
292 769
290 151
284 731
31 165
24 629
31 165
586 166
586 687
586 416
586 573
110 803
110 74
139 622
139 125
292 769
542 646
178 693
62 646
62 551
62 854
62 542
62 823
586 500
62 369
62 113
62 535
62 513
62 485
62 250
62 444
338 28
338 641
62 722
700 2
14 702
586 762
58 909
214 951
951 214
630 530
165 349
630 530
178 502
178 693
141 630
178 0
844 147
0 178
530 629
344 200
629 630
500 814
53 499
696 530
946 90
506 1001
630 629
207 957
207 424
207 241
936 883
662 443
200 344
838 267
193 245
646 513
577 458
316 214
909 58
883 936
165 401
165 31
165 401
165 31
104 648
530 891
963 67
193 272
558 207
232 472
746 900
746 992
530 630
891 24
629 630
936 883
193 923
885 984
885 294
885 256
885 648
885 447
885 416
885 313
885 74
558 458
558 499
558 319
558 216
196 873
633 193
530 838
891 160
500 2
316 392
120 586
622 676
207 954
622 125
622 510
530 629
500 814
912 168
630 141
530 696
714 90
558 48
622 559
126 104
207 795
658 731
996 199
38 395
416 147
214 62
166 112
166 392
166 803
166 674
166 74
746 935
506 657
580 8
416 912
416 168
214 62
168 912
168 416
996 506
920 851
214 62
166 674
713 592
692 746
692 746
181 696
843 407
214 306
633 923
90 472
90 946
586 500
949 168
586 700
586 782
416 885
166 112
166 392
166 803
166 74
891 530
891 530
168 912
200 915
200 428
200 857
122 693
595 450
16 718
267 838
267 838
267 838
267 392
61 718
61 718
746 502
746 542
746 687
746 692
569 482
104 126
232 425
516 532
516 13
168 416
61 718
1001 506
629 891
718 716
139 323
62 214
2 500
499 844
695 450
695 450
500 2
634 788
634 509
634 299
500 586
500 166
500 573
695 450
630 629
126 416
165 31
500 515
844 214
132 842
236 537
236 189
844 746
844 25
416 946
782 586
854 113
214 147
75 772
147 214
923 193
923 633
132 842
935 746
500 586
193 53
500 435
353 951
692 746
605 693
500 586
500 166
500 573
500 762
15 731
321 216
319 1002
168 765
0 178
854 113
854 113
854 113
334 229
854 113
334 692
936 137
500 586
500 166
500 573
885 256
885 648
885 447
885 416
885 313
885 74
450 695
698 540
698 840
698 231
698 873
698 245
698 764
692 923
586 500
586 166
586 416
885 294
885 984
586 267
923 692
147 590
951 957
147 590
147 844
586 500
147 214
586 500
586 500
323 788
450 695
450 947
193 53
923 506
506 923
506 923
15 731
506 923
83 784
923 506
862 538
692 746
693 605
256 885
680 731
239 951
166 500
166 586
166 573
739 696
207 795
951 957
15 731
696 670
790 2
413 746
807 214
15 731
696 739
500 586
147 159
812 790
586 500
90 718
644 506
644 199
284 731
232 472
718 61
38 61
147 416
416 885
500 762
586 500
586 500
586 166
586 573
192 381
24 891
586 166
586 573
586 762
90 718
692 193
506 199
742 784
306 742
152 443
152 443
500 586
500 166
500 573
170 697
680 717
137 936
165 316
165 31
165 401
165 344
500 782
605 693
758 844
634 638
790 2
851 978
2 700
2 790
742 659
742 568
742 306
742 769
742 83
742 374
759 885
693 605
506 644
932 135
530 24
670 696
353 891
423 246
423 977
423 101
423 103
472 232
932 692
932 135
932 692
46 374
413 746
558 499
166 74
90 168
90 416
951 506
90 24
90 629
56 482
56 951
24 90
178 629
447 586
912 260
912 168
506 923
416 946
166 586
912 168
746 271
413 746
499 48
499 558
482 56
738 719
630 530
164 943
912 362
90 940
90 776
530 197
530 630
633 416
231 178
362 912
951 707
231 540
413 746
413 746
912 356
881 516
881 783
951 599
168 912
168 416
951 693
951 6
951 569
951 599
530 24
178 629
920 630
629 178
738 923
178 629
630 920
686 577
643 335
951 239
951 569
951 6
951 693
491 497
416 168
164 943
24 530
932 692
854 250
881 516
881 783
24 685
912 266
912 168
178 502
629 178
472 912
416 586
416 782
685 24
742 784
491 281
718 716
951 239
362 912
923 772
912 602
912 765
214 912
905 281
319 216
319 558
951 214
951 159
558 319
908 425
90 718
951 239
912 168
245 231
1002 319
485 513
416 425
214 997
290 214
90 718
912 356
147 285
147 355
147 590
147 577
147 230
147 686
746 935
586 762
319 1002
90 168
90 416
648 586
629 178
912 602
912 765
912 214
912 168
946 472
319 1002
629 530
644 506
951 482
790 168
168 790
790 168
90 166
168 90
923 738
923 506
698 540
698 840
698 231
698 873
698 245
698 764
281 905
482 987
24 891
951 56
178 591
178 862
178 502
644 199
165 349
168 790
923 890
923 239
923 235
923 278
923 687
923 772
923 951
178 772
104 126
271 746
530 630
90 416
290 214
795 957
790 168
923 617
335 643
746 692
746 935
506 996
444 62
444 535
444 535
444 535
1001 506
506 541
506 996
306 784
200 316
284 731
228 605
506 996
469 207
469 207
692 746
828 650
996 506
935 413
506 173
516 761
506 199
199 506
782 66
782 45
936 581
14 1001
14 506
173 506
228 502
764 840
245 540
245 231
502 862
502 228
630 920
260 77
516 881
66 782
935 413
67 963
67 846
294 126
795 424
795 207
500 814
581 936
644 14
103 1001
103 780
103 950
103 977
103 514
103 378
91 724
500 586
500 814
500 166
500 126
500 782
629 267
256 356
421 795
67 344
67 165
67 207
67 561
935 746
935 413
500 435
500 586
423 377
500 782
629 2
605 228
165 316
165 31
165 401
165 67
165 344
846 67
506 1001
14 702
416 356
14 702
506 14
506 1001
790 812
2 629
575 168
66 782
784 742
784 306
784 83
784 742
784 306
1001 506
506 1001
784 306
784 742
784 742
506 1001
530 24
24 530
241 141
932 692
630 530
530 630
951 239
577 686
506 923
951 239
951 609
530 891
165 136
541 506
104 126
245 231
126 104
38 309
38 591
686 577
629 530
932 135
178 502
147 972
335 643
506 1001
14 702
14 702
14 702
14 702
14 702
14 702
14 702
14 702
14 702
416 765
416 356
14 702
14 702
14 702
14 702
14 924
14 702
506 1001
506 1001
506 14
506 173
942 135
126 648
260 912
472 912
1001 506
1001 506
506 951
178 862
506 14
178 502
506 199
506 199
199 506
506 199
74 392
199 506
506 199
506 199
506 14
353 274
147 347
147 933
951 214
951 230
951 159
432 56
159 214
56 482
56 338
56 987
629 178
586 648
447 586
586 166
586 885
586 294
984 782
122 915
516 702
335 899
586 267
335 737
335 208
2 768
984 168
2 812
765 472
1001 506
90 851
90 978
90 167
2 388
765 356
812 2
951 482
416 765
416 356
984 762
768 2
159 214
335 810
586 435
586 267
951 133
168 790
181 61
693 951
693 178
643 335
335 643
790 700
984 762
165 136
207 988
207 373
207 469
207 954
207 558
207 35
178 607
178 231
790 168
168 790
232 472
716 149
951 133
784 306
784 83
784 306
951 95
200 857
232 946
232 472
416 313
716 149
716 718
629 891
891 629
629 891
891 629
790 168
168 790
790 168
716 708
178 629
416 147
292 769
147 454
765 104
765 721
90 629
90 160
104 908
857 160
316 851
165 316
165 31
31 165
165 401
160 658
160 629
899 335
316 392
207 373
946 232
207 35
891 530
686 157
319 48
746 742
746 692
260 762
25 918
335 208
335 810
335 737
335 899
288 445
288 493
288 561
686 157
585 660
2 700
405 267
306 229
200 316
817 167
482 364
416 147
401 98
401 291
401 165
746 935
746 992
383 586
698 540
698 840
698 231
698 873
698 245
698 764
2 854
951 502
951 693
951 6
951 569
2 413
851 978
335 899
335 737
166 112
335 899
963 67
416 256
416 147
963 67
963 67
857 136
416 256
963 67
891 414
912 356
912 602
899 335
891 629
56 482
335 208
335 810
416 602
178 629
178 599
178 693
992 746
629 178
193 923
629 178
629 2
126 586
702 516
416 948
765 912
765 214
765 602
530 629
731 680
923 193
923 617
740 157
810 107
963 67
586 447
957 167
95 951
849 175
472 232
147 416
765 356
193 184
963 193
630 530
178 90
175 849
175 275
700 2
401 291
552 951
200 857
686 157
381 192
629 530
413 746
854 542
586 648
586 416
90 178
602 721
602 356
602 743
246 423
586 166
178 629
542 62
147 972
90 569
746 248
746 692
284 731
530 629
147 931
147 277
147 171
662 443
586 332
586 782
586 126
168 52
168 133
168 557
168 607
168 232
644 14
644 1001
644 924
849 275
644 506
740 157
90 625
90 416
784 306
230 951
586 500
586 814
586 166
586 126
472 946
472 356
500 814
630 141
166 586
30 104
984 586
844 499
178 231
996 506
165 316
165 31
165 316
165 31
782 52
166 267
949 260
949 260
184 193
288 445
290 566
83 784
502 178
231 178
401 98
401 415
401 291
401 165
883 166
485 159
485 62
485 62
288 629
246 423
246 423
246 101
246 423
246 101
506 14
506 1001
646 513
374 46
246 101
147 926
288 493
506 541
502 178
585 742
472 232
472 168
629 630
765 472
472 168
260 949
246 423
530 267
586 984
718 716
586 648
784 83
586 984
648 586
692 932
585 742
423 103
423 175
423 101
506 996
506 199
506 644
738 719
530 629
530 891
920 274
630 629
288 561
530 851
425 946
946 425
648 586
586 267
472 765
141 630
423 246
423 977
851 530
880 573
628 135
702 14
207 428
280 24
425 765
774 947
540 955
207 988
207 795
207 373
207 469
207 558
207 424
207 35
207 493
572 246
236 107
742 214
742 159
947 774
742 306
774 947
104 765
418 996
246 572
774 947
947 774
90 870
774 947
664 192
443 86
443 662
90 997
356 743
742 443
15 731
15 680
220 278
774 947
104 721
947 774
220 278
851 978
947 774
383 720
774 947
947 774
774 947
628 135
947 774
774 947
103 510
388 832
947 774
443 86
443 662
381 643
774 947
356 743
947 774
720 680
720 383
175 532
135 581
947 774
851 978
568 947
568 379
774 947
947 774
347 933
947 774
220 278
996 418
886 250
126 256
316 392
774 947
77 126
96 420
743 356
126 77
540 987
90 765
78 599
61 243
721 356
147 772
147 120
157 248
791 693
278 220
693 791
996 506
256 885
561 846
497 773
482 251
92 838
980 718
509 700
586 126
586 984
90 14
739 497
90 850
977 780
774 947
410 1001
410 482
410 924
410 251
410 153
410 16
410 76
410 969
410 994
410 433
410 175
410 777
410 122
947 774
482 251
830 617
372 595
977 514
996 410
586 762
120 752
966 946
774 947
947 774
947 774
428 915
774 947
996 418
774 947
947 774
791 32
947 774
857 883
857 141
857 530
774 947
774 947
278 220
774 947
947 774
648 90
280 24
479 700
996 418
648 90
418 996
112 392
112 74
997 90
774 947
947 774
996 418
1001 14
1001 506
1001 506
947 774
947 774
90 648
774 947
32 791
193 338
410 837
535 542
740 322
915 316
31 316
774 947
915 316
947 774
765 209
765 356
774 947
851 817
102 239
0 249
74 112
500 948
947 774
935 668
774 947
67 353
98 713
915 428
98 429
98 117
851 978
356 61
112 74
947 774
236 537
356 765
356 209
774 947
356 765
356 209
947 774
904 479
98 134
98 268
98 592
98 707
98 278
98 107
915 857
996 506
134 530
947 774
772 120
428 207
120 772
316 90
774 947
214 159
947 774
294 648
899 532
316 915
356 912
24 280
530 134
774 947
356 912
996 506
356 912
774 947
947 774
935 992
214 742
947 774
423 246
423 977
423 101
423 103
996 418
644 491
353 373
774 947
947 774
774 947
547 988
356 602
648 294
996 199
915 160
418 996
742 214
599 78
497 739
633 107
2 790
2 700
765 425
105 764
2 790
2 700
718 591
942 135
188 301
977 514
977 418
977 780
977 950
977 1004
977 103
947 774
372 404
356 721
372 169
61 356
688 532
774 947
454 291
32 791
103 510
236 532
306 742
923 883
356 602
356 472
356 313
356 743
349 976
599 78
356 602
356 472
356 313
356 743
356 721
883 890
883 617
883 711
107 98
288 445
288 630
288 629
288 493
288 561
178 502
322 740
126 782
695 187
500 550
500 923
500 687
939 38
908 765
188 141
74 112
774 947
334 75
214 923
996 199
883 923
980 464
935 413
609 454
791 32
765 908
2 854
335 537
942 135
886 250
881 506
428 857
428 915
157 762
249 716
947 774
774 947
947 774
774 947
410 650
410 541
267 112
86 443
721 908
765 743
765 443
718 716
718 980
765 425
765 425
936 581
443 86
443 662
692 746
153 1001
153 977
153 996
153 418
343 322
356 721
429 454
356 602
356 721
334 923
774 947
92 838
765 425
947 774
721 425
634 388
353 656
774 947
935 413
923 546
191 120
721 356
335 537
90 997
335 236
356 602
356 743
429 454
509 42
602 356
746 450
746 248
746 851
746 502
746 223
746 542
746 135
746 157
746 687
746 935
746 994
746 775
746 742
746 731
746 692
746 980
746 718
746 534
746 834
746 739
743 721
602 721
837 783
122 2
61 718
61 926
593 718
593 718
718 61
104 765
790 516
534 388
534 591
356 868
628 135
532 175
413 935
743 356
743 602
630 685
746 530
90 857
947 774
92 316
680 720
249 333
996 199
791 693
788 322
602 443
602 743
422 731
133 765
923 278
648 313
774 947
497 739
947 774
207 373
207 35
450 802
743 111
450 187
294 416
278 220
575 168
854 2
923 693
891 530
309 38
693 791
120 663
923 334
774 947
721 908
947 774
294 74
718 866
74 294
187 450
718 61
294 74
802 466
978 167
120 191
413 935
947 774
191 120
866 718
191 120
765 104
765 721
765 425
765 425
413 935
413 935
413 746
120 191
120 752
774 947
765 425
335 537
774 947
765 425
602 743
602 443
765 425
774 947
120 772
466 802
765 425
947 774
443 602
443 743
120 191
248 746
730 356
936 104
774 947
743 443
743 602
413 935
947 774
120 191
730 912
746 684
746 776
746 920
288 391
947 774
506 657
288 629
288 493
288 561
774 947
391 373
947 774
391 373
280 502
391 373
978 656
67 963
67 846
67 344
67 207
946 425
67 561
832 388
288 391
67 846
67 344
67 391
67 207
42 509
935 992
288 391
774 947
947 774
288 391
774 947
288 391
288 391
391 373
288 391
288 391
329 607
288 391
135 628
135 82
135 870
774 947
546 910
947 774
774 947
912 472
912 168
316 392
802 466
947 774
657 506
774 947
332 782
947 774
159 595
112 267
774 947
112 267
693 791
479 904
628 135
912 782
135 581
135 170
135 4
135 371
86 443
743 721
334 534
334 38
67 963
135 746
135 628
260 573
550 546
157 762
90 857
912 472
912 782
912 472
424 990
628 211
288 561
288 493
2 790
710 178
232 168
232 168
232 168
232 472
232 946
232 425
260 168
260 168
14 924
790 2
790 122
2 225
14 924
168 260
168 912
1001 506
1001 506
1001 14
356 90
746 591
356 602
356 743
413 935
743 356
413 935
356 743
38 309
168 77
393 107
790 868
1001 153
1001 996
1001 418
790 126
356 602
356 721
356 743
356 790
817 851
168 232
306 790
702 14
702 506
774 947
391 288
443 765
723 41
947 774
746 692
391 288
391 373
832 638
391 373
107 393
774 947
947 774
288 445
288 629
947 774
935 746
540 994
883 923
873 660
316 428
531 214
774 947
947 774
774 947
415 718
947 774
697 540
774 947
13 532
105 471
935 413
857 90
90 356
935 413
935 746
935 413
935 413
947 774
356 912
915 428
207 373
207 35
38 832
846 67
846 561
846 67
846 561
90 581
1001 506
947 774
38 322
680 284
680 422
680 15
207 988
207 795
207 373
105 764
207 469
774 947
926 715
248 550
644 924
70 534
122 426
577 458
947 774
935 413
935 413
572 466
418 996
418 105
105 418
425 946
978 851
978 167
425 765
479 904
106 740
207 954
207 424
207 35
650 779
322 38
947 774
774 947
915 185
947 774
561 493
915 428
977 514
977 780
977 950
977 423
977 103
977 514
977 780
977 950
977 423
650 175
650 423
650 710
650 849
256 232
207 953
774 947
823 542
823 535
2 812
90 135
112 74
748 926
1001 506
947 774
90 135
795 421
774 947
332 586
795 561
425 232
718 724
332 500
977 1004
924 644
764 105
947 774
774 947
138 887
947 774
942 135
334 322
194 769
774 947
947 774
236 214
316 857
322 334
105 418
485 62
135 628
135 82
135 870
795 421
135 581
774 947
977 832
740 106
851 547
774 947
514 780
514 977
514 378
514 832
514 103
947 774
143 696
628 720
421 795
977 423
977 1004
977 514
977 780
977 378
977 103
135 170
135 4
135 746
334 2
334 550
334 231
334 687
334 617
334 692
774 947
67 561
288 662
356 313
249 716
185 915
185 502
542 823
542 535
644 924
332 500
935 746
885 313
885 447
885 648
135 371
757 581
67 963
67 846
67 207
67 561
500 782
332 500
310 477
200 316
500 332
500 948
561 67
104 721
659 306
193 53
885 294
885 256
500 332
977 103
698 540
698 840
506 14
942 135
580 563
586 332
233 692
851 167
628 135
313 256
790 2
790 2
765 721
381 670
175 423
175 710
175 849
418 996
423 175
718 716
423 710
718 61
746 935
746 742
746 775
746 994
746 935
746 687
746 157
746 135
746 542
746 223
746 502
746 851
746 248
746 450
746 534
746 834
746 739
746 992
746 668
423 849
418 996
644 924
540 994
947 774
170 626
712 159
712 40
712 214
712 450
774 947
723 41
466 572
105 764
322 638
764 105
586 332
388 70
288 561
692 214
322 334
61 530
334 534
915 122
332 586
764 105
236 208
2 790
381 327
644 924
332 586
774 947
746 731
790 2
306 742
833 185
947 774
139 322
731 15
731 284
443 86
774 947
530 61
746 692
746 980
746 718
30 765
644 670
936 315
936 315
644 923
644 745
644 199
644 506
657 173
657 10
657 541
912 168
260 168
731 746
790 2
790 77
790 2
942 135
868 790
746 687
746 214
698 231
698 873
698 245
698 764
774 947
122 915
31 428
947 774
718 61
703 159
288 391
288 493
643 685
77 790
790 868
732 718
746 692
746 935
288 445
126 356
2 509
2 509
746 668
746 920
746 530
746 731
746 915
746 851
746 739
746 668
660 873
718 61
52 45
52 66
746 591
746 920
746 776
746 684
746 530
135 628
135 942
343 388
343 223
356 472
942 135
580 791
580 143
746 844
746 920
746 776
746 684
628 135
746 530
746 731
746 915
746 687
746 157
746 851
746 277
746 900
746 197
746 692
74 294
514 103
514 378
657 173
586 126
586 500
2 790
2 700
2 812
716 249
936 304
586 166
586 500
586 782
586 573
936 581
260 790
105 764
168 356
168 949
657 10
168 356
657 541
2 790
126 586
356 765
356 721
38 309
500 586
500 687
38 309
936 581
356 472
356 472
423 650
38 322
423 849
423 175
2 790
790 2
2 790
135 942
168 472
168 556
168 949
14 506
200 971
200 136
200 543
200 316
200 344
14 924
14 924
14 719
14 410
356 762
50 559
50 402
50 559
50 402
50 402
316 200
14 702
168 949
790 119
14 924
135 790
479 790
509 790
168 912
168 439
168 266
168 77
168 949
790 260
168 416
168 356
1001 506
628 135
168 472
168 782
168 575
168 966
790 863
168 472
721 356
790 306
356 472
977 1004
977 103
103 310
90 388
90 70
765 104
765 721
310 103
181 274
24 280
443 86
443 662
280 630
540 987
540 193
540 994
429 401
977 423
429 98
977 950
977 514
774 947
428 915
428 915
720 731
356 90
107 633
428 915
428 915
164 299
164 509
164 510
720 752
428 915
764 105
851 817
947 774
948 500
977 780
429 415
429 291
429 454
356 912
356 730
356 868
74 112
356 168
356 61
356 574
356 602
356 30
356 133
356 730
746 668
356 765
356 765
356 472
356 517
356 472
356 472
356 168
356 472
356 112
356 765
935 746
935 746
423 849
423 175
630 280
356 472
356 574
356 313
356 256
356 730
356 912
356 472
356 313
356 313
356 313
586 500
586 687
356 313
721 765
313 356
935 746
720 383
175 849
175 710
175 423
214 617
757 581
280 530
774 947
846 561
147 171
383 362
160 526
106 740
356 472
369 263
746 413
746 413
992 746
304 936
718 724
103 510
239 695
313 256
935 413
294 256
280 891
280 160
280 530
105 764
703 784
256 294
404 372
648 313
648 232
77 2
891 360
530 280
644 924
581 692
118 0
52 126
947 774
316 392
723 41
512 469
512 469
512 469
214 236
997 159
135 581
178 772
540 987
992 935
718 61
718 724
421 424
193 53
514 780
514 977
947 774
135 628
880 984
946 472
953 316
910 546
423 650
423 849
423 710
423 175
423 779
992 662
851 978
774 947
200 316
540 987
58 159
369 263
443 86
443 662
194 769
936 304
379 568
530 61
316 953
851 978
510 103
334 2
334 322
334 550
334 231
334 687
334 617
334 692
288 445
288 391
288 629
288 493
288 561
322 38
294 817
322 334
942 135
288 561
288 493
288 629
288 391
935 668
774 947
658 838
947 774
774 947
135 628
947 774
774 947
774 947
947 774
947 774
774 947
559 50
559 622
924 14
947 774
817 851
288 445
774 947
514 832
947 774
947 774
715 590
313 256
356 30
256 313
356 126
356 762
947 774
832 38
774 947
947 774
628 135
746 935
356 168
356 472
119 790
746 197
746 668
912 356
98 713
98 107
98 707
454 291
193 53
870 405
695 337
493 795
493 978
86 443
86 443
774 947
540 994
582 832
249 716
912 356
530 280
530 891
530 160
912 168
98 592
540 987
947 774
790 868
90 736
165 344
401 98
401 429
401 291
401 454
421 424
401 429
401 291
401 454
401 165
306 83
951 353
239 353
67 344
147 239
680 15
774 947
165 31
535 854
165 67
165 316
935 992
401 98
401 429
401 291
401 165
165 316
165 67
165 31
165 344
214 62
165 316
165 31
644 14
165 990
935 992
316 392
152 443
165 401
947 774
214 923
774 947
401 165
401 98
401 429
401 291
401 454
401 165
935 992
935 992
774 947
926 715
552 988
530 502
551 513
165 142
165 428
165 857
802 450
401 454
401 291
401 429
401 98
947 774
936 135
774 947
540 329
540 231
540 245
947 774
422 78
205 997
802 450
540 987
774 947
947 774
769 229
795 421
15 680
774 947
947 774
540 994
513 551
401 454
401 429
168 790
14 924
14 924
790 168
790 812
168 790
790 168
790 465
790 812
790 2
790 700
790 700
165 316
165 31
659 306
316 392
659 306
14 924
288 445
790 416
790 126
530 629
790 812
644 506
644 199
181 249
168 77
168 575
62 214
800 62
936 757
800 62
800 62
800 62
800 62
800 62
800 62
790 912
790 168
288 629
288 493
288 561
135 628
135 82
135 870
135 581
135 170
135 4
135 371
135 214
135 628
135 82
135 870
135 581
135 170
135 4
135 371
135 942
401 98
135 371
135 4
135 170
135 581
288 629
288 493
288 561
288 445
288 493
288 561
288 445
288 629
401 291
288 493
135 581
288 445
288 629
288 493
288 561
135 628
135 82
135 870
288 561
812 790
530 629
401 98
401 454
810 107
14 924
193 540
947 774
851 978
774 947
947 774
668 935
509 583
500 586
500 166
500 762
774 947
926 715
1001 14
1001 506
401 291
947 774
401 429
742 581
316 543
401 98
401 429
401 291
401 454
322 343
90 978
742 443
742 581
401 98
401 429
401 291
401 454
509 388
509 638
509 96
742 443
401 98
500 435
1001 506
774 947
15 731
810 107
192 381
774 947
742 306
193 540
947 774
15 731
284 422
135 628
774 947
947 774
500 435
500 435
542 646
880 32
880 149
947 774
774 947
78 422
454 401
1001 14
1001 506
1001 506
947 774
306 742
540 193
316 392
686 577
316 165
686 577
935 746
686 577
454 592
454 1003
454 196
454 147
454 609
454 592
435 500
721 356
316 344
316 136
629 891
629 631
629 160
629 530
629 493
629 561
629 658
401 98
401 429
401 291
401 454
693 530
48 956
48 216
48 25
48 319
48 558
629 630
48 458
629 360
629 846
401 429
401 291
401 454
551 513
401 98
401 429
401 291
401 454
401 98
401 429
401 291
401 454
629 526
629 288
629 24
629 445
629 685
629 280
77 168
443 152
513 551
401 291
401 454
886 250
746 668
530 693
83 306
136 316
746 668
992 935
992 746
935 413
746 668
316 990
316 200
316 971
316 302
316 92
401 429
401 98
978 512
978 35
407 843
978 207
978 988
978 421
978 795
978 547
978 851
978 469
316 31
978 188
978 301
978 954
978 817
978 957
978 167
978 141
978 552
978 424
978 614
423 716
790 2
790 416
698 873
698 245
698 764
514 102
935 992
721 104
83 306
885 126
668 935
935 413
246 572
693 710
595 184
550 546
514 1001
514 780
514 950
698 231
514 977
698 840
586 126
335 440
335 657
147 686
91 83
184 595
996 506
935 413
748 686
301 142
774 947
147 277
78 710
947 774
316 392
586 923
236 1004
774 947
698 540
514 378
514 103
184 595
935 671
935 571
935 135
935 157
935 739
841 935
214 62
956 499
435 500
935 111
644 924
546 205
935 992
935 992
924 644
935 413
586 267
935 542
935 517
935 223
935 502
658 92
595 193
912 356
550 546
790 30
294 885
935 992
935 61
582 764
935 430
935 534
935 450
935 248
935 501
935 200
935 789
935 923
935 854
935 834
752 471
846 561
147 686
14 702
200 316
502 538
502 605
502 228
19 407
165 207
541 506
891 414
506 1001
774 947
947 774
506 541
267 586
648 104
774 947
947 774
880 32
502 862
469 207
782 586
702 14
207 988
207 373
207 954
207 558
207 35
880 209
207 795
207 424
935 413
207 795
207 373
207 469
207 558
207 424
207 35
880 293
782 984
316 978
126 586
774 947
401 291
401 454
629 978
401 98
401 291
401 454
702 14
479 904
104 648
809 891
165 316
165 31
165 67
165 344
629 526
648 104
724 246
401 98
14 381
126 294
502 693
947 774
443 86
443 662
469 141
500 586
500 762
500 782
159 214
846 67
992 935
891 809
540 955
935 746
506 1001
306 659
133 951
126 782
782 126
14 924
2 790
586 500
586 166
214 62
15 731
75 923
14 924
746 271
586 126
586 267
586 267
14 924
249 181
935 746
935 668
891 267
891 267
586 74
586 573
506 1001
333 228
679 956
333 605
333 599
718 980
126 586
422 731
334 75
333 470
333 862
333 538
333 710
333 502
333 249
333 693
333 78
333 6
333 409
333 767
333 976
333 0
333 178
432 433
923 586
14 924
506 1001
506 1001
197 530
891 530
132 842
132 139
181 696
267 891
530 197
181 274
132 842
104 356
644 506
644 199
790 912
790 126
790 168
586 762
586 500
949 168
949 912
586 923
126 586
586 923
502 862
502 188
502 189
502 280
414 891
920 696
499 321
586 984
912 472
369 535
586 782
586 984
74 586
586 74
949 168
586 126
422 731
541 657
541 506
469 421
469 795
469 547
469 188
469 614
469 301
469 954
469 817
469 957
469 167
469 35
469 207
469 241
657 541
657 506
90 435
126 586
469 424
586 948
586 762
586 334
790 2
435 500
586 687
586 334
935 992
935 746
774 947
260 573
1001 506
267 586
644 14
644 924
644 506
644 199
267 435
267 586
586 166
586 687
795 421
135 700
316 349
316 647
542 62
978 301
978 493
267 112
267 392
106 788
327 381
435 500
383 909
383 362
383 589
731 15
267 891
659 306
493 978
327 381
126 586
267 435
267 435
502 693
718 716
316 428
316 142
316 990
316 200
316 971
316 857
316 302
316 92
316 17
316 915
316 136
316 31
316 344
316 165
316 543
316 953
1001 14
1001 506
316 952
880 306
15 284
260 168
316 647
316 428
316 142
316 990
316 200
316 971
316 857
316 302
316 92
316 915
316 952
316 136
316 31
316 165
316 543
316 953
126 332
316 349
418 996
104 126
418 996
650 682
935 413
716 718
696 711
772 75
772 120
772 609
772 454
663 772
663 120
682 650
682 783
696 711
126 790
471 413
823 535
126 104
159 923
143 278
126 104
568 495
977 103
422 731
454 904
454 909
454 707
454 990
454 1003
454 426
454 98
454 857
454 75
454 243
454 416
454 360
454 379
720 680
454 471
540 987
540 994
891 530
647 316
568 947
568 379
90 802
343 663
294 885
294 256
294 416
294 984
650 783
294 313
126 104
126 790
322 788
772 663
469 167
947 774
716 149
149 716
294 74
454 865
421 424
956 458
774 947
996 199
947 774
67 963
67 846
67 344
67 207
67 561
288 493
774 947
947 774
1001 14
1001 506
1001 506
450 947
450 802
450 695
422 731
568 572
67 207
67 846
924 1001
996 410
413 935
413 214
422 731
422 731
413 935
774 947
935 413
624 540
947 774
802 450
334 776
572 246
147 715
731 422
67 963
67 344
294 817
846 67
846 561
851 978
278 220
947 774
233 692
682 650
682 783
126 782
316 392
923 168
774 947
306 742
947 774
306 659
923 692
413 935
274 988
482 56
788 322
316 953
316 543
316 165
774 947
334 534
334 159
249 6
316 349
316 647
316 428
316 142
175 532
316 990
316 971
316 857
316 302
316 92
316 915
316 952
316 136
316 31
316 200
458 48
274 546
90 870
947 774
695 450
774 947
42 322
135 581
316 392
236 335
31 24
692 233
926 61
692 923
926 61
680 422
680 720
680 15
692 923
947 774
42 509
926 61
774 947
105 418
698 873
698 245
698 764
935 992
947 774
105 418
24 280
718 61
718 61
718 61
418 105
602 356
602 721
935 746
136 915
136 316
418 105
105 418
946 966
996 418
135 700
609 278
294 74
693 13
614 190
450 947
450 187
418 996
61 718
61 243
692 334
214 923
214 334
67 391
774 947
854 535
854 542
335 537
743 602
743 443
693 923
628 135
880 77
996 418
996 418
996 418
868 790
868 30
334 923
334 687
698 231
334 214
692 746
963 67
334 923
334 278
334 687
334 692
239 609
334 229
334 159
698 840
698 540
280 120
428 316
220 278
443 86
443 152
164 638
443 602
443 743
716 724
909 454
418 996
450 900
450 272
947 774
103 977
410 996
614 167
774 947
957 374
774 947
428 316
866 716
454 648
774 947
193 721
306 742
306 450
306 374
802 90
947 774
947 774
418 996
774 947
638 164
721 104
947 774
135 61
332 126
24 31
716 866
743 166
947 774
335 29
335 537
278 143
410 14
410 719
410 994
977 103
56 482
335 537
418 105
935 668
193 230
935 992
435 500
90 251
935 746
935 668
90 736
774 947
280 24
280 24
335 808
335 381
335 810
335 464
335 737
335 532
335 553
335 118
335 5
335 468
335 208
335 985
335 688
335 236
335 670
335 1004
335 980
335 201
335 175
335 643
335 664
854 250
774 947
500 332
746 530
746 684
746 776
746 920
746 591
963 67
586 500
586 166
586 782
586 762
942 135
344 67
698 540
698 840
698 231
698 873
698 245
746 718
698 764
746 980
746 731
746 920
746 591
746 739
746 834
746 534
746 450
746 248
746 851
746 502
746 223
746 542
746 135
746 157
746 687
746 994
746 775
746 742
746 692
75 334
139 323
509 638
628 135
633 495
947 774
774 947
214 62
495 633
947 774
700 135
782 586
90 192
75 948
946 472
817 274
422 731
14 924
500 166
500 762
764 582
920 656
500 334
500 692
680 284
680 422
680 15
746 668
746 271
746 935
757 936
935 696
746 776
752 471
495 633
774 947
157 740
765 356
702 14
586 447
586 332
500 586
920 656
996 199
746 684
746 718
932 692
936 137
275 849
260 168
274 841
841 274
774 947
947 774
774 947
322 164
322 740
322 223
322 879
322 368
947 774
774 947
947 774
135 746
891 543
175 849
736 769
947 466
550 546
192 664
924 516
137 936
592 609
991 654
62 485
980 718
1001 506
284 422
680 720
849 275
849 175
422 284
333 693
932 135
788 634
702 14
765 908
935 992
746 834
746 534
746 450
746 248
746 851
746 502
746 223
746 542
746 135
746 157
746 687
746 994
746 775
746 742
746 731
746 692
746 980
746 739
956 844
956 684
638 509
935 992
765 104
765 721
466 947
765 104
765 721
923 214
586 782
746 530
782 912
586 782
817 167
586 948
586 692
774 947
947 466
746 135
746 668
782 472
774 947
1004 236
947 774
168 575
135 628
891 629
168 232
891 267
423 377
654 850
1001 14
1001 506
1001 506
1001 506
782 126
782 126
14 924
14 924
14 924
1001 14
586 294
1001 506
628 135
423 101
135 581
135 170
135 4
135 371
260 168
168 923
168 782
168 260
168 260
136 526
135 942
135 628
891 530
1001 14
1001 506
1001 506
423 377
526 136
1001 506
418 105
344 200
135 700
485 62
791 693
774 947
947 774
774 947
947 774
422 284
422 731
135 936
774 947
947 774
306 790
420 96
936 135
369 263
500 435
105 418
135 581
260 912
260 790
168 912
686 157
105 418
812 119
119 812
812 119
418 105
643 381
135 870
643 670
356 602
356 721
356 743
356 721
260 790
267 891
790 260
14 924
643 107
135 82
135 628
126 782
249 0
633 660
267 392
721 356
306 790
14 924
650 682
758 956
758 723
356 912
891 629
891 629
526 360
356 912
506 1001
742 306
338 193
526 360
334 692
334 692
660 633
774 947
947 774
947 774
947 774
923 168
236 1004
956 758
718 415
996 199
421 424
774 947
947 774
774 947
546 721
947 774
891 629
774 947
550 546
609 592
500 782
586 782
660 633
356 765
356 472
356 946
356 472
356 946
356 912
891 629
629 24
629 280
135 746
135 628
135 82
135 870
135 581
135 170
135 4
135 371
356 912
920 656
356 743
356 721
356 586
356 30
586 692
586 334
356 416
356 765
1001 14
1001 506
338 633
1001 506
629 530
14 924
936 757
356 765
356 912
356 168
14 924
356 602
629 891
746 992
915 316
746 935
401 291
401 165
105 418
418 105
977 487
977 514
977 208
401 429
977 780
977 423
977 1004
977 103
105 418
418 996
418 105
166 743
977 950
401 415
401 98
61 90
418 996
418 996
865 90
598 235
851 978
193 595
193 500
418 996
418 996
780 514
418 105
119 700
936 278
70 120
988 188
190 120
629 630
418 105
530 629
105 418
112 392
765 209
377 149
316 392
159 551
392 316
321 684
704 458
765 133
704 565
704 321
704 684
704 844
29 899
316 392
977 950
149 377
704 918
393 107
720 120
551 159
228 605
392 112
812 119
950 977
541 738
321 458
321 565
321 918
321 704
321 844
278 936
316 136
334 746
472 235
407 843
720 942
159 551
947 695
418 996
38 395
915 316
891 530
178 502
500 814
978 851
313 37
509 832
850 120
228 605
266 416
165 31
190 120
851 334
208 149
977 996
977 418
977 153
165 316
472 313
472 356
472 356
782 586
782 984
472 112
987 120
886 250
987 120
832 509
607 528
978 120
663 38
746 935
409 293
942 720
629 120
987 56
509 388
862 502
746 935
977 996
977 418
977 153
443 662
239 951
147 120
415 278
952 112
208 149
435 332
684 679
149 208
316 142
133 765
306 790
586 782
586 984
278 415
38 663
915 857
443 86
630 629
898 29
29 898
500 193
324 591
977 996
977 418
977 153
416 912
416 168
164 638
996 418
149 208
104 721
120 190
865 120
389 528
987 433
324 591
214 306
334 851
165 316
165 31
38 832
5 29
732 118
327 381
5 29
165 316
165 31
165 401
17 857
165 344
165 31
165 316
165 31
165 401
165 316
947 450
40 120
165 316
111 759
343 663
936 30
595 450
595 272
746 214
418 105
323 42
746 692
746 591
692 233
256 356
638 164
173 506
810 107
256 356
105 418
132 388
746 214
790 126
844 558
506 1001
506 90
31 165
644 199
644 506
644 199
310 477
996 418
996 153
996 977
644 506
644 14
644 924
644 199
857 891
663 950
891 629
214 159
996 418
684 565
644 924
74 166
644 14
362 909
304 936
679 499
469 424
469 421
469 795
469 547
469 188
469 614
469 301
469 954
469 817
469 957
469 167
469 35
469 207
469 241
663 343
644 506
126 52
746 214
334 700
812 700
61 718
61 742
506 644
506 850
936 720
246 423
573 416
246 101
506 951
136 316
61 318
142 267
16 843
737 440
908 765
16 883
700 293
558 844
558 844
120 720
165 344
738 231
977 996
977 418
977 153
832 38
120 500
698 540
698 840
698 231
698 873
698 245
698 764
165 316
165 31
165 344
278 98
955 427
955 540
955 773
935 746
42 323
74 392
74 392
746 413
74 112
74 392
214 746
392 74
392 74
710 502
74 392
74 392
435 500
74 112
74 392
334 607
935 746
322 591
844 558
703 135
955 311
401 165
313 765
854 550
136 915
136 316
435 500
334 746
334 692
535 113
607 334
288 445
288 629
288 493
288 561
323 42
746 214
392 74
684 679
38 663
38 534
648 416
159 189
646 62
646 485
306 790
837 745
250 62
758 844
996 153
166 392
746 935
332 885
332 586
332 885
332 586
413 746
192 327
758 499
936 315
207 953
978 35
978 512
422 731
422 731
422 731
565 926
506 173
851 141
392 166
746 935
112 472
153 996
153 418
153 977
290 159
207 165
540 264
103 310
978 424
305 946
977 996
62 159
62 214
62 159
142 267
732 118
159 62
310 103
62 214
322 591
14 702
551 646
551 369
551 62
551 513
551 485
702 14
586 74
586 885
322 832
846 561
977 418
977 153
305 946
810 380
977 996
977 418
977 153
392 166
107 393
165 316
165 31
267 142
332 700
746 900
746 692
586 126
164 638
166 392
978 552
978 141
978 167
458 723
458 319
458 758
458 41
586 885
586 74
104 74
458 73
377 457
290 159
702 850
74 104
164 638
112 472
112 356
74 885
443 152
401 291
401 429
401 415
422 952
952 422
315 936
844 285
702 14
936 304
159 272
401 98
401 415
401 429
401 291
401 165
284 422
586 166
586 687
586 762
401 98
595 159
595 214
15 422
15 731
321 216
790 306
832 322
561 846
978 207
978 988
978 421
978 795
978 547
978 851
978 469
978 188
978 614
978 301
978 954
978 817
978 957
443 677
890 70
638 164
188 141
851 978
599 605
472 112
602 908
147 171
272 159
353 274
214 712
908 602
663 70
422 731
327 192
322 534
758 458
605 599
164 638
188 421
322 534
15 731
15 731
74 586
415 107
854 2
310 70
850 506
996 506
167 851
443 152
178 605
107 5
746 935
107 537
112 646
153 996
153 418
153 977
984 586
190 353
977 103
977 423
977 950
401 415
401 429
401 291
401 165
977 996
977 418
977 153
644 506
188 421
188 421
987 28
854 550
926 715
485 62
854 113
977 514
977 780
984 782
851 978
143 142
344 165
126 790
153 996
153 418
153 977
112 74
416 439
416 266
416 949
416 120
74 392
74 392
316 120
500 814
413 120
293 409
107 120
782 52
499 120
401 98
987 95
220 120
159 214
332 416
935 746
935 746
369 646
369 854
369 485
782 586
782 984
74 112
74 392
646 112
977 996
977 418
977 153
416 332
392 74
392 74
38 343
165 344
344 165
966 782
966 575
228 605
256 416
926 748
926 171
926 565
966 168
926 590
926 715
926 221
502 862
746 687
746 935
746 692
746 591
926 577
104 648
61 393
996 199
104 790
264 540
957 167
52 790
477 310
996 199
214 595
334 692
477 310
885 74
184 883
136 857
648 104
586 74
104 648
648 104
586 885
62 485
502 862
173 532
790 52
52 201
52 790
788 634
790 52
790 516
790 126
31 838
165 316
165 31
165 344
700 332
506 996
506 644
506 173
697 855
599 693
344 67
30 936
165 31
790 104
136 629
173 506
746 550
746 687
746 935
746 692
746 591
885 447
256 416
693 599
421 188
14 702
605 228
891 159
693 605
891 629
14 506
1001 950
790 812
272 159
684 844
996 153
229 343
663 223
193 127
422 731
776 890
306 659
776 890
483 444
302 141
581 936
868 790
857 915
267 838
500 515
746 812
746 834
765 209
381 107
936 315
844 956
469 614
469 301
469 954
469 817
469 957
469 167
469 35
469 207
469 241
293 700
956 844
469 207
32 891
267 838
746 935
746 692
746 591
746 534
469 188
746 248
746 586
684 318
684 679
684 704
684 558
684 321
684 844
947 774
684 319
746 935
29 201
293 149
432 531
29 599
746 935
936 581
629 530
746 776
684 25
684 918
684 216
746 775
165 31
605 178
165 31
832 638
86 443
647 274
647 920
812 700
774 947
605 693
844 956
315 936
684 458
684 956
684 48
684 565
746 502
469 547
469 795
469 421
135 581
135 703
468 432
915 316
915 341
915 647
915 647
135 581
915 920
915 923
915 857
915 857
106 96
396 761
942 936
942 135
915 316
790 868
173 506
790 143
532 804
532 804
66 227
693 502
866 377
693 228
249 181
249 181
956 844
439 912
439 168
502 538
784 742
532 468
5 29
537 107
343 663
517 267
517 356
517 803
517 112
526 360
569 120
48 844
936 581
135 942
957 953
724 246
774 947
947 774
120 193
120 633
120 416
120 190
774 947
947 774
947 774
469 424
184 883
499 956
315 936
166 74
517 209
472 356
654 532
575 77
454 165
790 700
790 812
355 577
844 956
506 1001
422 731
947 774
663 343
812 790
552 851
135 581
936 942
42 337
499 844
732 118
316 428
935 746
193 923
193 923
585 299
738 654
738 783
246 724
344 952
313 885
313 416
337 42
166 74
415 926
37 416
248 746
167 978
313 447
605 178
458 499
936 942
178 280
774 947
947 774
774 947
581 405
890 506
353 891
947 774
353 274
890 776
718 980
643 685
915 857
416 984
923 772
923 120
306 659
890 923
980 320
980 29
980 537
293 716
216 499
216 321
926 415
432 468
891 24
439 77
165 401
165 344
77 439
956 844
416 707
24 647
178 687
795 421
795 424
795 207
31 165
178 189
951 214
710 599
980 810
980 553
980 687
980 107
980 670
980 335
980 381
24 891
48 499
188 178
980 107
14 702
738 923
344 136
890 70
599 29
14 702
923 193
14 702
178 502
178 862
746 534
746 223
746 586
746 812
746 718
178 502
178 605
844 85
416 759
281 280
812 746
66 227
306 742
107 652
107 320
107 29
266 260
223 343
774 947
32 862
851 614
844 499
746 534
746 388
746 223
746 935
746 692
629 530
629 178
629 502
629 530
629 178
70 415
812 746
774 947
24 629
947 774
107 208
107 537
107 810
107 464
942 135
942 936
362 82
774 947
207 795
207 373
207 424
178 629
164 638
629 24
393 107
338 617
181 249
947 774
178 189
774 947
947 774
947 774
178 188
107 393
107 381
107 737
107 553
107 118
107 5
107 192
107 468
107 898
107 985
107 664
107 688
107 236
107 670
107 1004
107 335
107 980
107 201
107 175
107 808
996 418
742 784
280 629
558 319
558 458
429 401
429 98
429 415
429 291
558 499
558 216
558 321
416 868
319 558
868 416
429 401
854 535
618 499
618 321
558 207
558 48
139 324
139 510
795 547
142 301
868 416
147 347
977 1004
139 676
139 534
139 206
139 487
139 477
139 154
139 125
139 102
139 939
139 64
139 174
139 323
401 429
28 987
159 322
171 933
429 401
416 765
126 500
823 62
126 332
629 630
401 429
662 159
307 159
280 658
757 581
362 912
362 126
581 757
322 591
662 214
280 561
662 214
181 274
147 347
429 401
416 868
547 167
499 558
499 91
499 321
499 607
332 126
598 472
868 416
104 721
61 742
61 718
334 383
334 70
334 607
401 429
347 147
558 458
558 319
558 216
322 70
159 214
189 977
189 6
189 236
142 857
142 915
977 153
142 915
142 915
142 165
568 488
38 70
950 663
844 499
532 516
142 165
977 418
977 996
936 720
996 977
682 650
682 654
682 783
682 738
950 663
742 61
854 535
950 780
228 693
142 915
153 996
153 418
153 977
977 996
977 418
977 153
663 343
663 950
738 650
738 654
165 316
165 31
165 344
275 849
165 857
401 98
401 415
401 429
401 291
165 401
165 344
425 104
425 765
29 5
416 868
810 473
558 956
290 214
70 38
935 746
955 540
738 783
738 682
142 200
142 915
142 165
141 188
62 823
316 857
316 141
582 832
832 582
582 832
500 435
849 275
955 427
955 773
955 987
886 250
322 534
313 765
1001 506
764 231
629 846
61 718
782 45
126 104
765 209
66 782
765 209
207 614
319 216
319 386
700 119
164 638
646 250
784 742
250 535
104 721
765 209
846 629
629 846
316 915
316 392
74 112
614 207
648 447
614 851
447 648
614 167
614 954
614 301
280 24
846 629
216 321
795 424
795 207
337 38
293 149
250 535
316 857
189 410
189 410
586 332
586 912
586 168
586 159
332 500
266 77
136 142
136 857
595 272
272 595
472 648
468 381
468 432
746 900
502 228
280 629
280 629
586 782
540 955
586 648
77 266
159 912
159 168
159 586
918 499
765 908
149 293
765 908
765 908
127 120
266 168
765 908
410 977
334 700
840 231
918 499
506 199
980 107
332 250
742 306
540 231
697 855
790 812
505 337
742 784
505 337
38 324
291 134
291 120
700 413
291 609
505 337
505 337
142 915
178 502
812 119
143 796
540 231
291 713
184 272
761 783
142 165
153 996
153 418
153 977
310 103
987 540
662 214
280 281
38 337
344 136
891 32
316 857
614 188
321 216
458 277
761 532
646 62
955 540
540 245
540 624
505 337
1001 644
377 866
159 388
776 159
159 776
738 837
738 541
738 173
415 581
469 188
697 540
165 316
165 316
165 31
165 344
697 540
697 170
697 925
288 561
776 159
288 493
288 445
337 38
159 776
851 35
505 337
505 337
104 126
377 423
381 199
181 249
377 718
38 337
288 445
288 630
288 629
288 493
288 561
439 416
288 629
718 61
272 214
272 595
356 37
356 472
356 313
356 37
356 472
356 313
638 164
30 648
586 782
472 356
586 197
586 38
685 629
199 996
199 996
165 316
586 111
30 104
506 14
37 356
356 602
356 209
731 422
731 422
731 422
731 422
731 422
356 256
1001 506
586 166
225 883
356 256
356 37
746 935
602 133
602 765
731 422
165 31
731 422
356 765
697 925
288 629
288 493
288 561
559 420
530 629
530 493
987 433
288 445
324 206
599 228
934 595
891 353
630 629
469 547
469 851
469 188
193 890
559 622
559 420
246 724
697 855
925 987
925 955
925 429
159 776
540 697
540 311
540 925
540 855
540 955
678 696
784 4
559 622
353 891
559 634
356 472
483 249
356 209
17 857
932 692
731 422
996 199
290 214
290 159
290 159
159 951
648 30
161 35
996 199
558 48
648 765
572 53
1001 506
890 193
586 557
290 159
14 702
416 150
789 605
74 573
987 698
987 994
987 251
987 245
987 28
987 338
987 582
987 433
987 361
987 531
987 925
987 95
987 56
987 480
987 955
987 764
987 641
987 68
572 161
199 996
702 14
327 657
270 657
953 207
166 586
166 885
746 923
746 214
133 602
883 779
74 573
996 199
996 418
628 720
952 838
327 381
197 38
197 586
105 418
270 502
469 817
731 422
159 595
586 885
586 166
776 159
586 762
167 159
746 935
868 356
868 765
161 572
605 789
765 356
765 868
885 447
469 274
469 167
731 422
891 353
731 422
469 167
469 141
469 35
987 231
987 311
987 872
987 809
987 482
987 873
987 994
987 789
987 251
987 28
987 338
987 582
987 433
987 361
987 531
987 925
987 245
987 840
987 540
987 849
629 891
629 530
629 890
207 988
207 795
207 373
207 469
207 954
207 424
207 35
207 493
629 891
629 530
38 586
629 685
987 432
987 364
987 95
987 56
987 480
987 955
280 526
280 421
280 647
280 547
280 851
280 142
280 990
280 188
280 24
280 656
280 32
280 915
280 422
280 360
280 293
280 631
280 530
782 332
435 782
512 241
595 71
987 764
987 641
987 68
987 698
980 532
165 316
316 609
149 293
149 208
500 126
915 647
782 435
746 692
746 935
107 980
107 201
105 418
306 784
987 873
193 264
996 199
996 199
415 334
159 40
977 153
700 334
936 581
70 90
854 502
936 581
277 285
495 633
356 602
356 743
14 702
472 356
14 506
558 844
572 40
334 415
304 441
765 209
506 14
199 996
558 48
558 216
558 319
558 458
422 284
334 700
720 731
231 245
199 506
784 901
855 112
780 638
290 159
784 306
849 275
356 602
356 721
356 743
581 932
401 429
310 477
987 849
429 401
207 953
107 201
334 700
207 165
362 283
441 304
324 70
192 381
293 246
283 362
239 538
239 235
581 932
239 421
629 493
362 909
316 647
429 401
306 784
322 159
362 141
789 605
381 192
628 82
784 306
849 987
424 421
424 795
356 256
742 191
356 574
356 602
165 207
629 530
280 35
987 482
987 872
322 159
126 573
126 294
181 1004
104 30
142 267
885 126
435 332
267 142
857 316
104 256
126 500
126 782
142 267
547 167
277 285
644 702
435 500
126 885
506 1001
178 862
266 168
949 266
228 605
166 883
166 184
926 715
996 199
908 765
341 915
506 1001
789 605
450 695
506 14
126 984
648 602
126 294
277 285
401 429
277 285
614 188
415 471
718 61
332 586
420 96
420 559
420 96
420 559
37 356
401 98
401 429
401 291
332 782
885 416
15 680
908 77
568 495
401 415
280 629
334 322
1004 181
883 779
883 184
857 136
795 421
795 424
795 207
280 629
1001 506
207 795
207 373
207 469
207 424
322 334
795 421
256 104
413 935
334 607
277 285
178 502
1004 181
695 450
812 700
812 119
485 513
946 235
469 207
165 647
443 550
812 790
602 416
485 513
239 168
362 695
987 955
987 840
977 487
977 514
481 565
422 731
587 720
41 499
712 591
697 540
697 925
580 143
695 362
791 13
41 565
41 499
644 702
401 98
401 415
401 429
401 291
644 702
159 720
159 316
702 644
977 208
977 780
977 950
977 423
290 159
782 416
605 789
586 435
586 435
996 199
932 405
996 199
416 885
886 250
381 192
401 429
381 192
266 949
996 199
429 401
868 790
256 885
568 947
789 605
934 595
977 1004
977 103
987 849
988 188
377 866
15 680
147 577
510 125
275 849
15 680
15 422
15 731
950 780
950 977
950 514
950 378
950 103
605 228
568 488
199 996
568 488
288 561
996 199
779 883
614 954
61 356
61 243
789 605
288 493
817 647
14 506
207 953
322 591
647 857
415 471
885 586
421 424
647 817
288 629
288 445
401 165
401 429
401 291
401 165
401 165
605 789
401 98
401 415
401 429
401 291
401 165
605 228
614 274
978 239
401 98
401 415
401 429
401 291
599 29
996 199
710 228
759 762
790 266
324 591
844 918
192 381
605 789
759 111
159 951
978 547
978 817
987 432
987 364
987 849
987 540
987 840
987 789
987 231
987 311
413 746
401 415
817 978
586 885
605 789
605 789
193 53
789 605
698 540
698 840
698 231
698 873
698 245
698 764
784 703
765 721
206 324
978 614
153 977
381 199
16 19
159 377
987 809
401 98
291 134
338 193
52 762
290 687
290 214
290 783
290 159
422 731
589 867
290 687
290 783
290 159
646 542
629 891
250 332
416 648
416 74
290 214
164 638
542 113
285 277
614 978
987 433
595 934
595 934
589 867
401 415
401 429
401 291
239 978
239 978
522 854
272 595
272 754
609 592
854 522
542 646
153 633
74 104
435 782
38 197
38 586
537 320
280 281
535 250
605 789
132 388
416 232
703 784
885 416
789 605
266 790
746 542
746 687
746 692
746 665
746 591
994 624
994 764
704 565
74 416
159 951
581 855
293 149
586 332
435 586
447 586
332 250
586 435
586 447
812 790
812 700
332 250
990 207
104 74
541 996
53 193
15 680
266 949
581 170
15 680
284 731
280 953
280 561
936 315
62 646
62 542
62 823
62 485
424 421
424 795
14 702
424 207
316 687
62 646
62 551
62 854
62 542
62 823
62 369
987 433
344 165
344 67
991 61
316 165
316 543
316 953
506 173
506 14
991 61
506 996
991 61
991 858
644 702
991 858
381 29
344 67
344 165
344 67
344 165
381 29
62 722
316 344
62 113
62 513
147 557
499 458
605 789
858 991
977 950
885 74
472 159
310 368
313 885
663 649
506 850
485 62
702 14
159 472
950 1001
950 780
485 62
977 153
471 499
684 844
62 485
62 250
62 444
950 514
810 231
991 858
170 581
832 638
181 274
832 514
159 472
181 274
684 458
684 565
684 918
684 704
684 321
62 535
316 31
316 136
316 952
14 702
458 48
458 319
458 684
356 912
356 30
356 168
61 718
356 472
30 104
356 30
356 30
30 912
30 356
30 168
30 472
356 313
530 629
197 586
199 996
969 541
969 650
969 837
969 1001
969 482
969 924
969 251
969 153
969 16
969 76
969 994
969 433
969 410
969 175
969 777
969 122
181 696
30 313
638 780
638 164
61 718
697 540
697 170
697 925
697 855
165 316
165 316
165 31
165 401
988 188
936 30
316 349
316 647
316 142
316 990
316 857
316 302
316 92
190 353
950 977
190 181
190 373
638 832
514 780
514 950
514 378
514 832
514 103
900 214
900 159
343 663
66 45
332 539
790 52
586 885
586 166
586 762
30 936
190 274
190 656
950 514
950 378
950 103
630 629
586 885
61 687
74 586
74 885
416 77
500 586
293 246
181 274
435 332
718 61
935 746
935 746
935 746
152 443
152 443
440 737
654 738
1001 506
1001 14
586 500
586 166
936 720
586 197
421 188
159 306
142 267
199 381
66 45
74 126
586 500
214 159
687 61
173 506
435 332
231 170
306 159
629 526
629 288
629 24
629 685
955 311
955 925
955 987
754 272
754 595
987 955
316 392
290 159
188 421
915 316
15 422
170 697
392 316
170 231
316 392
306 790
392 316
955 773
321 216
955 540
332 435
629 846
629 280
629 360
629 630
629 891
629 631
629 160
629 530
629 493
629 561
629 658
500 586
500 166
435 332
153 996
153 418
421 512
955 427
996 199
996 418
407 16
605 789
334 633
660 550
159 469
558 159
704 684
477 310
599 605
738 719
738 719
153 977
782 586
605 599
500 586
841 159
435 332
77 908
14 702
663 70
1001 506
500 586
500 687
605 789
663 343
630 629
629 890
159 891
789 605
629 630
435 782
192 381
192 381
433 987
844 918
472 356
565 704
1001 14
890 534
267 142
605 599
166 586
605 178
605 228
14 702
586 500
577 810
586 500
605 409
14 1001
14 506
500 586
365 377
742 443
586 500
996 506
586 500
586 166
407 19
704 844
996 418
704 684
704 918
605 502
605 693
890 885
401 98
401 415
401 429
401 291
324 591
812 119
159 377
362 605
77 557
422 731
605 502
605 693
704 458
704 565
704 321
280 920
996 199
586 885
500 435
500 586
500 923
500 687
547 851
720 581
936 720
746 692
977 153
288 629
288 493
288 561
458 758
159 469
458 499
356 472
288 445
746 935
746 413
979 512
746 935
746 530
746 920
731 422
719 159
990 207
609 53
586 500
765 721
720 942
586 500
586 782
334 272
586 74
586 782
586 166
776 159
356 168
746 851
731 422
746 900
458 758
458 41
765 415
955 427
955 773
322 334
40 272
458 319
40 572
40 947
40 568
74 126
356 472
356 313
891 353
887 383
40 900
458 723
458 73
886 250
890 629
844 918
812 790
422 731
159 719
784 306
143 159
698 540
698 840
698 231
698 873
698 245
698 764
586 435
586 500
586 923
586 687
499 471
586 762
316 483
435 500
565 458
192 381
133 648
742 306
936 720
843 407
458 73
66 45
458 723
458 758
458 41
586 500
143 741
334 534
126 500
500 586
458 319
742 718
61 991
602 765
280 241
935 746
784 306
104 648
810 577
782 472
207 953
609 316
293 547
885 447
738 783
942 720
586 762
586 885
500 586
530 891
602 133
447 885
15 422
595 214
602 648
581 936
718 415
104 425
415 718
832 38
782 586
782 166
334 322
500 435
500 586
500 923
500 687
838 416
602 356
602 721
602 743
74 586
932 581
153 410
765 721
500 586
15 284
306 742
413 746
891 353
306 784
746 542
746 935
192 381
782 586
782 984
447 885
630 530
832 388
92 838
602 721
602 356
602 743
765 602
356 472
266 949
165 454
500 332
153 996
153 418
500 332
313 885
313 294
313 256
62 854
313 416
334 910
334 550
334 617
334 692
540 231
540 830
540 245
629 530
216 321
231 624
746 935
630 629
790 868
746 923
746 214
746 935
746 692
746 591
530 629
153 977
977 153
500 332
356 602
356 721
356 743
540 233
540 231
540 245
416 52
670 553
891 530
854 250
540 245
540 264
885 890
356 602
883 184
530 629
52 790
52 2
883 225
790 52
746 900
746 935
332 782
356 256
104 30
280 629
883 184
540 231
746 935
332 782
153 777
410 189
530 891
332 500
629 493
526 360
790 812
153 541
153 650
153 837
153 1001
153 482
153 924
153 16
153 969
153 994
153 410
153 175
153 122
996 153
1001 410
410 777
629 493
629 561
629 658
700 988
629 891
629 530
979 996
629 530
540 231
540 764
936 581
159 472
159 143
413 746
586 762
324 591
540 245
629 160
629 631
629 891
159 731
415 765
746 935
142 267
159 167
572 120
313 648
306 784
267 838
629 526
629 288
629 24
629 685
629 846
629 280
629 360
629 630
936 581
66 45
595 159
435 500
410 153
429 401
429 415
410 541
410 650
410 837
410 1001
410 482
410 924
410 251
410 153
410 16
410 76
410 969
410 994
410 433
410 175
558 207
410 122
104 126
207 558
435 782
738 231
159 595
206 103
935 746
184 883
159 746
152 443
629 630
356 517
356 112
356 209
397 975
397 671
629 530
493 629
472 159
393 843
846 561
291 134
956 844
126 416
853 548
644 1001
1001 644
267 838
629 526
629 288
541 738
629 24
629 846
629 280
629 360
629 630
629 891
629 631
629 160
629 685
765 104
74 294
630 891
90 774
629 267
803 392
90 32
181 274
353 891
74 392
32 90
294 447
294 416
294 984
294 313
294 74
416 472
74 392
214 765
774 947
629 530
947 774
629 493
629 658
133 416
644 1001
952 200
413 746
746 413
746 935
746 992
306 214
746 687
646 62
24 630
931 355
104 648
413 746
630 24
443 86
746 692
416 126
909 58
133 602
966 933
966 347
966 935
422 731
119 2
267 662
267 40
854 700
526 629
520 731
458 956
214 306
193 910
416 267
569 178
648 104
540 245
629 561
765 214
159 214
65 687
742 784
126 416
949 168
239 951
704 684
413 935
891 629
322 343
951 239
422 696
429 401
774 947
947 774
239 951
718 716
774 947
947 774
915 629
568 379
568 947
629 561
629 658
294 447
16 718
823 267
469 167
742 784
742 306
267 823
469 630
315 936
774 947
629 915
947 774
774 947
784 742
581 951
947 774
915 316
951 239
951 214
90 313
718 225
881 783
951 581
509 634
469 630
95 951
416 126
416 759
416 168
416 984
416 912
324 70
891 630
90 317
316 953
178 502
207 585
935 746
429 454
1001 14
951 713
951 159
581 405
630 469
535 854
791 32
844 85
246 423
246 101
774 947
246 423
246 101
165 857
165 31
585 207
936 315
1001 506
120 772
784 83
746 214
746 935
629 530
784 82
784 697
784 863
784 83
784 626
288 445
646 513
288 630
288 493
288 561
784 4
629 526
581 405
598 416
978 207
288 629
646 369
531 482
500 586
1001 14
1001 506
306 784
316 392
306 790
383 742
784 306
239 951
288 445
288 630
288 629
288 493
288 561
951 95
951 681
500 542
316 392
978 988
978 421
978 795
978 547
828 532
828 837
828 1001
828 979
828 850
828 924
828 783
828 761
828 702
828 576
828 197
828 541
828 14
828 945
828 923
828 682
828 654
828 881
790 306
828 327
951 482
978 851
978 469
978 188
978 614
978 301
978 954
978 817
978 957
978 167
978 141
978 552
978 424
978 35
978 512
472 912
629 891
629 530
828 650
629 493
702 14
168 912
784 83
784 83
582 364
61 356
61 718
232 472
232 575
197 32
532 381
628 82
38 322
392 803
77 2
468 532
42 322
654 738
343 663
266 168
24 891
891 629
746 692
718 980
718 716
754 184
139 634
754 450
754 272
381 532
214 746
891 24
16 718
712 214
502 538
712 450
712 214
712 40
891 414
634 139
139 634
784 83
784 83
14 1001
14 506
784 306
912 168
912 356
912 209
168 912
168 648
168 557
912 168
912 168
168 266
582 364
199 506
168 472
168 439
168 912
266 416
168 416
266 168
586 490
493 629
644 506
676 634
676 46
14 702
634 676
966 168
1001 506
1001 14
1001 506
149 716
742 769
586 500
586 500
586 782
586 854
630 891
266 912
828 270
629 160
629 891
319 48
765 104
322 309
718 90
48 319
61 718
313 416
718 980
952 200
2 416
319 48
416 2
32 90
738 923
14 702
738 923
349 976
309 322
418 532
702 14
721 104
166 586
745 650
90 320
851 951
90 32
61 428
120 660
90 718
214 450
214 40
214 712
48 319
24 891
633 923
718 61
313 90
702 14
166 74
267 838
2 790
2 77
166 112
166 674
166 392
2 790
784 4
323 139
166 110
790 2
135 628
135 581
135 581
1001 14
1001 506
306 790
506 1001
790 306
1001 506
630 891
415 617
718 534
718 388
718 135
718 356
718 428
718 450
718 851
718 502
718 517
718 189
718 915
718 742
718 692
718 530
718 591
309 38
891 630
660 362
159 214
684 499
754 272
214 765
718 61
110 166
110 74
48 319
306 784
585 742
684 844
48 319
718 90
61 718
231 607
765 721
53 923
48 319
48 319
468 532
684 956
306 790
416 112
784 306
166 74
908 721
83 784
290 214
290 159
207 954
951 239
951 923
316 392
207 795
207 469
207 954
207 424
207 35
553 107
951 957
322 879
732 506
923 193
915 61
915 647
746 413
790 126
416 166
112 110
166 416
413 746
413 746
413 746
553 107
424 990
951 851
926 147
1001 977
629 214
629 159
401 683
698 764
774 947
698 245
698 231
48 319
469 424
469 421
469 795
469 547
469 188
469 614
469 301
469 954
469 817
469 957
469 167
469 35
469 207
469 241
698 540
698 840
698 873
947 774
774 947
165 31
977 423
977 1004
977 103
977 1001
952 200
984 74
31 165
977 950
947 774
977 514
977 780
977 950
977 423
977 1004
812 465
812 700
31 990
977 780
977 514
774 947
746 731
746 692
746 665
746 980
746 718
746 530
746 684
746 776
746 920
746 591
947 774
976 349
891 24
891 360
316 392
951 235
581 936
812 119
422 731
742 383
854 586
935 746
936 581
823 267
718 716
718 16
267 823
294 447
684 120
936 315
949 168
629 159
629 526
629 24
629 685
629 846
629 360
629 630
319 48
746 742
607 617
499 321
774 947
854 535
104 908
923 738
105 374
319 48
506 14
506 1001
38 638
38 832
947 774
319 48
495 862
495 568
949 168
48 319
416 946
774 90
629 631
746 775
746 935
1001 506
947 774
774 947
947 774
628 135
838 267
774 947
1001 14
947 774
1001 506
774 947
951 957
528 909
926 157
926 577
569 470
444 483
812 790
774 947
716 718
165 344
947 774
165 401
774 947
947 774
316 392
559 622
559 50
246 423
246 101
31 165
344 165
344 543
48 499
319 48
630 891
716 127
569 862
569 538
569 991
569 333
977 1004
977 103
947 774
413 746
469 188
721 104
74 392
795 424
40 272
40 802
500 814
178 502
774 947
854 591
483 444
746 157
746 687
977 423
746 994
977 950
977 514
569 710
569 502
569 249
569 693
569 295
569 78
569 6
569 409
569 767
569 339
569 976
569 0
569 599
569 178
569 605
569 519
569 228
977 780
126 294
828 719
828 173
499 321
344 165
622 559
472 168
472 912
472 168
472 912
4 371
472 168
472 168
472 912
472 168
540 697
540 311
540 925
540 855
472 912
915 857
499 53
828 738
963 67
992 746
718 980
718 716
978 795
696 181
868 790
284 731
851 915
851 530
851 920
416 166
718 16
500 2
765 168
828 532
828 270
540 955
963 67
165 316
165 401
784 306
58 577
58 909
58 338
718 595
413 746
644 924
443 193
923 617
923 776
205 193
730 912
730 356
178 0
500 586
857 200
923 90
854 185
196 731
196 413
924 541
924 14
924 682
924 1001
924 173
924 506
924 996
924 199
924 644
924 702
147 416
122 693
891 267
184 423
506 1001
306 784
374 306
165 31
120 772
963 67
178 250
868 790
891 353
260 168
260 168
416 586
932 692
898 90
260 266
343 950
260 168
260 790
77 2
950 343
1001 14
1001 506
1001 506
168 260
2 500
2 236
2 236
716 876
716 980
716 718
716 122
168 765
168 721
168 949
168 912
168 949
61 522
61 659
61 568
61 843
61 718
2 77
757 932
2 119
984 126
168 260
168 260
984 168
355 277
684 48
552 851
946 425
165 316
165 344
165 401
165 316
165 31
646 513
963 67
32 862
178 75
963 67
963 67
731 193
963 67
236 2
284 731
193 443
542 62
1001 14
1001 506
790 260
790 868
288 445
288 493
288 561
31 165
178 530
178 502
193 731
178 629
542 500
658 838
542 746
951 214
150 471
542 62
863 784
540 170
425 232
698 873
698 245
698 764
458 499
313 447
214 692
288 445
698 231
288 630
288 493
288 561
458 73
416 147
812 746
185 182
784 863
288 629
698 840
698 540
648 256
924 738
746 935
746 692
207 988
207 373
207 469
207 954
207 558
207 35
192 381
718 90
458 41
746 812
120 870
381 506
558 207
166 883
288 629
288 493
288 561
731 15
284 731
127 716
416 885
185 854
885 416
812 790
789 994
789 987
381 327
644 506
976 599
395 38
92 838
77 168
586 120
586 772
316 483
843 407
924 199
896 18
684 956
15 731
742 229
229 742
731 746
885 416
506 381
506 381
306 784
165 401
165 31
423 246
423 977
423 101
423 103
630 700
844 918
18 896
684 558
66 45
924 506
193 205
392 166
392 74
75 178
214 841
841 214
654 738
472 356
381 468
629 178
90 940
90 714
810 506
170 540
935 746
912 730
912 356
506 732
586 416
214 651
214 940
178 482
885 586
885 111
885 762
885 111
214 746
207 795
207 424
178 693
207 428
207 349
166 392
166 74
586 500
586 267
693 178
586 762
170 540
684 956
684 679
684 558
170 540
912 356
178 629
721 765
24 629
313 885
313 256
313 447
313 416
313 294
231 540
231 245
231 338
710 767
746 935
746 692
883 936
90 946
924 14
90 472
506 14
684 321
684 844
205 193
795 424
795 207
500 687
764 994
250 178
663 950
912 168
1001 14
1001 506
25 684
558 207
540 170
506 810
170 540
506 1001
828 745
62 485
851 920
401 429
784 83
245 951
1001 14
1001 506
765 721
765 168
401 415
160 915
306 784
532 700
77 908
761 516
784 306
160 629
160 629
104 425
401 98
854 535
854 113
425 104
767 693
844 285
692 746
784 306
693 767
629 891
891 629
306 784
692 746
168 912
782 52
692 746
692 746
692 746
782 586
782 984
997 752
692 746
14 702
908 77
530 630
530 630
530 790
392 316
316 392
392 316
622 676
530 267
622 18
622 125
622 559
622 323
622 510
362 660
178 693
401 98
622 206
530 267
530 629
530 891
14 702
293 724
629 267
160 629
165 401
165 31
784 4
646 62
784 703
702 14
472 912
472 168
784 83
316 392
231 540
530 629
530 891
4 784
692 233
344 165
416 472
500 814
951 633
392 316
435 782
951 707
984 586
951 707
558 319
319 48
868 52
868 2
868 602
868 889
315 936
629 160
58 909
784 306
558 216
558 48
558 956
828 13
828 437
828 506
828 996
828 199
828 644
828 921
828 657
828 738
413 746
581 951
482 951
458 956
935 746
935 746
935 413
306 784
768 2
693 791
936 315
854 113
684 565
684 844
765 313
936 30
416 266
313 256
313 648
891 353
313 90
951 870
239 978
239 951
746 692
765 30
765 30
472 416
472 416
272 450
401 415
28 231
92 838
854 535
90 113
353 891
439 168
178 502
737 440
313 90
113 90
313 168
435 500
293 711
25 48
25 216
25 319
214 912
214 168
951 506
316 772
401 429
401 291
401 165
306 784
581 932
581 932
245 231
742 692
784 306
940 214
765 936
721 765
540 231
2 790
530 178
920 353
843 407
854 542
854 250
90 479
629 530
90 898
629 530
381 327
629 2
62 214
62 159
70 324
410 14
410 719
410 16
410 56
407 843
912 416
984 126
214 306
765 30
629 530
629 530
629 530
854 535
126 294
239 951
765 648
410 650
410 837
410 1001
410 482
410 924
410 251
410 153
410 16
410 76
410 969
410 994
410 433
410 175
410 777
410 122
851 915
851 530
410 541
435 500
586 416
885 447
765 30
765 104
530 696
530 178
126 984
530 178
530 178
530 178
530 178
530 891
530 178
790 2
530 630
630 530
416 586
990 424
506 923
506 199
62 646
306 784
898 90
90 898
506 14
506 1001
586 447
178 629
535 854
535 113
784 4
472 912
178 629
83 784
702 14
207 428
207 302
784 83
738 654
416 586
784 4
891 530
784 83
630 530
630 530
800 62
500 814
316 857
784 306
83 784
353 891
915 316
693 178
83 784
586 782
915 316
915 316
915 316
784 83
4 784
178 629
207 428
207 953
207 953
530 629
207 428
207 349
32 197
500 814
207 165
628 581
416 912
622 676
622 125
622 510
949 912
949 168
909 58
784 626
784 306
472 912
443 53
58 909
443 193
32 197
372 404
372 169
178 629
197 32
207 136
178 629
435 500
506 199
302 802
585 660
951 245
692 191
949 912
949 168
949 416
506 1001
626 784
245 231
126 294
684 48
957 951
746 157
746 687
746 935
746 994
746 775
746 742
746 731
746 135
746 692
746 718
746 530
746 684
746 920
746 591
29 5
86 443
746 980
746 542
746 502
746 851
595 372
746 214
823 369
223 343
677 443
413 746
746 235
746 413
746 687
746 692
500 814
416 232
746 739
746 834
746 534
746 450
746 248
851 746
947 774
37 313
413 746
66 227
774 947
349 976
851 141
851 141
947 774
180 727
66 227
316 647
978 851
978 469
978 188
978 167
978 141
227 66
227 45
313 575
684 120
947 774
61 388
227 66
227 45
774 947
947 774
227 66
851 978
227 45
746 413
746 935
936 581
61 851
61 915
61 530
61 356
61 517
774 947
61 534
704 684
223 746
61 718
294 984
947 774
581 936
369 823
369 535
369 823
369 535
178 502
988 978
738 541
316 857
774 947
416 147
232 74
947 774
126 294
294 817
422 134
774 947
37 313
718 883
178 295
178 78
178 6
178 409
178 767
178 339
178 976
178 0
178 569
178 599
178 605
178 519
178 228
120 983
120 734
232 313
947 774
609 291
416 472
416 946
147 416
935 746
935 746
891 629
891 362
663 343
996 506
947 774
147 416
528 383
528 742
746 413
746 413
774 947
996 506
891 24
891 24
746 413
416 294
120 684
851 167
232 416
86 443
477 310
232 43
166 74
37 313
313 37
294 416
147 383
731 268
648 447
48 216
731 15
166 416
774 947
147 931
415 324
629 891
416 313
227 66
227 45
774 947
790 812
790 2
190 274
190 373
190 656
190 181
190 353
575 313
190 274
165 316
165 31
178 470
178 862
178 538
178 991
178 333
700 812
996 506
996 506
812 700
232 74
2 790
2 700
746 935
746 923
790 2
324 591
294 74
38 832
439 168
178 502
178 502
2 790
506 996
506 996
812 790
812 2
178 710
178 502
178 249
178 693
502 178
401 98
401 415
401 429
401 291
401 165
774 947
401 98
401 415
401 429
401 291
401 165
253 923
401 165
947 774
401 98
401 429
502 862
746 935
196 429
188 658
178 295
178 78
178 6
178 409
178 767
178 339
178 976
178 0
178 569
178 599
178 605
178 228
947 450
722 854
722 444
235 746
188 141
722 823
178 693
120 772
120 535
978 421
978 795
978 547
978 851
978 469
978 188
978 614
978 988
978 301
978 817
978 957
978 167
978 141
978 552
978 424
978 35
978 954
978 207
102 323
227 45
66 227
947 774
774 947
353 274
947 774
66 227
353 891
227 66
227 45
323 102
432 809
432 531
432 56
227 66
227 45
66 227
227 66
978 512
731 680
731 422
306 784
294 447
294 416
294 984
294 313
294 74
1004 320
37 313
742 306
742 306
120 280
120 629
996 506
16 19
120 274
120 542
120 926
120 772
294 256
458 956
294 885
416 126
120 923
774 947
891 353
133 416
232 74
885 294
994 540
294 885
832 38
609 923
868 416
885 294
90 997
784 306
416 133
392 267
416 868
267 392
401 291
178 249
178 710
978 614
724 293
595 184
952 200
595 184
416 790
161 35
595 184
439 168
790 416
746 534
746 550
746 502
746 223
746 692
746 591
630 24
322 324
322 510
322 939
126 74
58 909
197 32
990 482
731 422
731 422
127 193
127 718
118 862
118 502
724 246
322 534
322 139
322 206
322 477
322 125
322 102
349 976
319 499
16 777
746 550
790 812
343 663
746 935
135 942
135 193
135 720
418 364
790 812
418 996
267 891
790 812
190 274
190 373
190 656
190 181
190 353
505 337
812 790
52 782
52 782
746 718
746 591
506 890
742 528
891 267
315 936
790 812
577 458
746 812
746 542
746 157
746 692
746 684
52 416
52 126
949 416
1001 506
32 197
746 935
731 422
197 923
178 991
178 333
178 710
178 502
178 249
178 693
178 295
178 538
178 78
178 409
178 767
178 339
178 976
178 0
178 569
178 599
178 6
178 862
178 470
267 142
707 416
951 692
353 891
284 731
936 315
136 344
698 540
698 840
698 231
698 873
698 245
698 764
581 267
581 267
316 190
37 416
716 293
178 605
178 519
178 228
159 696
149 716
469 424
469 421
469 795
469 547
469 851
469 188
469 614
469 301
469 954
469 817
469 957
469 167
469 35
469 207
469 241
197 32
416 707
190 316
24 891
40 802
159 607
178 65
178 65
530 629
275 487
795 978
731 284
568 450
746 413
731 422
891 24
40 272
40 572
40 568
40 662
40 187
40 712
58 577
178 862
178 862
306 150
774 947
439 232
120 544
120 190
947 774
934 595
934 595
561 846
595 71
414 891
952 200
167 978
439 232
936 942
951 239
136 953
214 746
272 193
136 953
136 915
648 586
731 680
812 119
284 731
812 119
119 812
166 74
32 862
718 159
951 214
951 159
505 337
544 120
505 337
947 774
136 647
136 857
239 609
977 514
977 780
977 950
761 516
443 86
443 662
199 996
105 235
774 947
190 274
190 373
190 656
190 181
190 353
24 630
178 470
178 862
178 538
178 991
178 333
120 772
595 184
120 772
120 772
977 423
977 103
136 953
90 885
190 353
977 514
977 780
977 950
977 423
977 1004
977 103
784 306
784 83
190 120
147 416
214 159
978 988
126 52
178 502
294 762
595 184
774 947
731 422
947 774
294 126
288 445
288 630
288 629
923 687
288 493
422 680
422 527
422 15
774 947
469 424
469 421
469 795
288 561
112 267
934 595
923 197
700 232
190 120
150 306
506 996
947 774
774 947
166 74
947 774
774 947
721 602
923 120
923 120
947 774
684 25
684 679
684 844
630 629
469 547
469 188
469 614
469 301
347 577
214 746
779 407
774 947
316 838
695 450
942 936
947 774
942 135
718 746
774 947
934 595
947 774
978 167
936 315
765 313
774 947
923 920
648 472
923 530
923 915
469 954
469 817
469 957
469 167
469 35
469 207
469 241
947 774
316 428
112 392
112 74
731 284
731 680
731 422
731 15
774 947
947 774
923 851
401 165
32 716
135 120
469 207
469 241
947 774
774 947
947 774
120 274
120 542
469 35
120 926
306 784
120 772
630 280
316 838
316 915
141 165
471 752
120 535
469 167
469 957
469 817
790 2
136 953
2 790
337 607
335 468
178 629
774 947
947 774
774 947
469 424
469 421
469 795
469 547
469 188
469 614
469 301
469 954
316 647
506 1001
316 953
774 947
585 980
585 563
294 416
107 5
313 416
310 477
429 401
684 458
582 994
344 67
344 165
401 415
401 429
401 291
774 947
401 415
392 74
413 700
947 774
774 947
947 774
184 883
774 947
663 343
947 774
774 947
947 774
112 166
112 392
112 803
112 674
112 74
344 952
953 316
147 120
83 784
935 746
422 680
630 280
746 591
180 829
120 642
891 360
120 772
629 24
935 746
731 746
731 746
120 772
731 746
923 607
607 923
607 923
953 136
936 581
718 61
746 935
731 746
680 284
952 344
126 648
731 15
774 947
947 774
774 947
803 112
978 65
947 774
950 977
629 178
184 595
629 24
1001 506
774 947
576 541
891 24
178 502
648 126
24 891
24 629
197 32
742 61
759 256
759 447
759 416
759 984
759 313
759 74
718 61
942 936
718 61
2 629
315 936
718 61
718 61
718 61
784 83
966 575
784 83
759 104
401 429
759 294
759 648
940 214
553 107
940 214
38 832
994 582
61 718
416 356
784 83
48 704
956 458
759 762
61 742
61 718
61 692
61 819
458 956
702 14
759 885
401 165
947 774
416 313
1001 468
193 633
214 595
90 61
372 169
629 24
764 582
721 765
110 674
996 738
120 660
936 581
25 704
25 684
313 765
120 923
272 40
294 126
568 947
468 1001
316 392
940 214
468 532
648 235
568 947
293 246
568 947
235 648
235 648
595 272
90 718
126 790
126 700
139 477
702 14
947 568
738 783
120 772
784 83
290 214
290 159
774 947
104 721
947 774
818 58
818 438
24 629
674 110
774 947
110 674
61 90
165 401
510 125
166 586
166 416
774 947
178 333
126 294
947 774
107 737
90 940
1001 506
415 883
742 229
207 988
207 795
207 469
207 558
207 424
207 35
134 695
1001 506
112 392
595 214
509 634
112 392
774 947
634 299
634 299
90 184
731 15
178 976
214 940
988 421
988 795
988 547
988 851
988 469
988 188
988 614
120 293
988 301
988 954
988 817
988 957
988 167
988 141
988 552
988 424
988 978
923 120
923 772
851 35
630 24
416 166
718 61
721 104
167 978
774 947
947 774
165 316
165 31
165 401
940 214
165 401
165 316
165 31
165 316
165 31
184 883
988 35
988 207
988 512
165 160
577 458
774 947
15 422
164 832
742 61
416 752
416 257
313 765
90 573
167 281
165 344
1001 14
1001 506
832 164
988 851
947 774
568 947
977 1004
947 568
977 423
977 780
499 684
281 167
443 86
443 662
294 648
294 885
294 759
294 104
294 256
294 447
294 416
294 984
294 313
294 74
660 120
568 379
977 514
977 950
1001 506
207 373
294 313
321 216
997 90
947 774
950 977
680 731
742 784
742 306
746 159
977 950
469 207
472 648
506 1001
978 851
978 469
978 188
978 167
469 167
746 692
746 607
746 214
324 591
947 774
774 947
568 450
978 988
977 780
977 950
977 423
977 514
977 1004
977 103
977 32
718 122
294 984
126 416
362 141
746 687
978 141
165 316
165 31
313 575
413 746
947 774
774 947
702 14
232 43
947 774
19 16
19 16
774 947
306 374
416 147
947 774
321 499
774 947
947 774
774 947
246 423
774 947
415 324
61 243
947 774
629 483
165 316
165 31
165 344
165 401
718 61
184 595
469 851
316 392
754 883
392 316
568 495
568 947
568 379
774 947
362 912
947 774
951 95
246 101
774 947
362 371
40 187
40 802
40 695
40 187
40 802
646 369
774 947
40 662
947 774
607 671
607 692
607 397
294 984
353 891
823 854
977 372
607 329
40 947
40 572
40 272
135 628
294 74
135 82
135 746
135 870
135 581
135 170
135 4
135 371
135 628
774 947
947 774
746 550
746 935
774 947
383 528
947 774
774 947
239 978
239 951
947 774
469 957
469 167
469 35
469 207
469 241
774 947
947 774
738 14
738 924
738 506
738 199
184 595
672 844
324 415
416 759
978 469
362 891
469 817
48 684
469 954
469 614
977 514
977 780
977 950
977 423
977 1004
746 687
746 692
774 947
947 774
952 838
984 294
628 135
469 424
469 421
469 795
469 547
469 188
469 301
422 680
40 568
422 680
178 599
178 502
184 595
634 299
595 193
500 814
24 891
506 90
120 772
24 629
629 120
24 629
951 235
646 62
646 485
629 24
267 629
381 107
31 316
647 274
629 561
629 658
629 267
24 891
774 947
947 774
502 178
422 680
239 951
239 957
774 947
416 147
647 915
416 232
500 586
629 24
500 762
923 738
867 810
190 920
629 267
947 774
316 165
184 595
774 947
112 166
112 392
112 803
112 674
112 74
765 721
294 885
294 256
294 984
294 648
988 851
294 817
294 416
738 923
629 493
165 141
147 157
15 680
15 422
15 731
477 634
947 774
272 193
190 274
932 135
932 581
90 573
581 932
90 16
90 381
923 738
193 272
951 239
112 166
774 947
629 530
947 774
415 833
947 774
134 257
742 784
765 104
14 702
774 947
947 774
784 742
14 702
832 38
774 947
947 774
977 514
977 780
977 950
977 423
392 316
607 337
700 2
978 161
190 353
104 721
995 909
846 561
104 765
595 184
413 992
147 416
415 401
415 150
472 912
472 168
950 780
950 977
774 947
392 316
957 953
977 1004
977 103
953 957
951 693
413 746
947 774
141 241
316 112
178 629
774 947
947 774
629 526
629 288
629 24
977 950
629 846
629 280
629 360
629 630
629 891
629 631
120 127
774 947
629 685
216 565
680 422
774 947
629 178
112 392
693 951
112 392
947 774
178 502
232 416
629 160
629 24
90 506
257 401
746 413
310 46
70 388
746 935
