280 360
746 692
280 631
280 530
280 920
280 561
280 526
280 24
280 891
912 214
280 530
586 356
742 443
586 356
450 712
450 187
168 912
280 160
746 692
280 920
280 32
280 167
280 136
280 360
450 712
280 631
280 160
280 530
280 35
280 953
280 493
280 207
280 561
280 658
280 526
280 647
280 547
280 851
280 188
280 24
280 915
280 817
79 746
746 692
79 746
79 746
79 746
79 746
79 746
79 746
79 746
79 746
79 746
79 746
79 746
79 746
79 746
79 746
79 746
79 746
280 915
79 746
79 746
79 746
79 746
79 746
79 746
79 746
746 935
746 692
746 692
79 746
586 782
79 746
79 746
79 746
79 746
79 746
79 746
79 746
79 746
79 746
79 746
79 746
79 746
79 746
79 746
79 746
79 746
746 935
280 656
136 24
280 301
165 401
2 790
337 322
650 682
650 654
650 783
650 738
697 170
506 199
629 530
506 236
790 812
159 500
868 168
868 356
165 401
2 248
2 283
165 401
267 891
506 996
66 52
356 500
629 530
586 334
971 200
79 746
971 200
742 993
742 443
742 784
742 306
530 629
165 31
356 120
356 209
356 168
356 868
356 168
356 868
746 692
97 456
746 935
746 935
971 200
280 408
66 227
66 575
782 45
788 740
136 200
703 135
472 575
168 912
168 912
168 912
280 739
782 66
280 658
280 526
280 274
280 647
280 547
280 851
280 142
280 990
280 188
280 24
942 135
66 782
38 832
502 569
66 986
66 966
969 189
439 77
66 45
335 532
335 440
66 45
168 912
506 921
168 472
168 912
135 82
135 870
135 581
135 4
135 371
135 628
135 746
502 569
168 912
79 746
685 1001
502 470
416 305
5 175
855 540
171 951
629 633
249 189
160 629
771 137
855 697
546 415
223 879
935 746
607 334
510 534
956 48
31 165
987 531
987 56
987 338
987 540
343 223
561 846
685 724
190 181
416 356
416 305
61 522
61 843
61 718
381 532
416 927
643 685
48 704
305 416
685 643
190 890
546 499
546 927
344 67
344 165
152 662
190 274
236 208
190 656
891 267
891 353
742 306
742 769
927 646
927 551
927 854
927 542
927 823
927 369
927 770
927 722
927 113
428 316
927 535
927 485
927 250
927 444
506 159
915 316
126 52
506 783
704 48
193 700
927 513
915 857
193 40
553 107
565 723
565 679
565 41
565 723
891 353
190 920
190 274
558 48
190 656
607 356
332 500
569 333
569 502
569 249
381 327
193 870
921 506
847 207
193 662
863 700
112 392
921 506
502 599
978 988
530 629
947 774
774 947
947 774
227 66
227 45
180 215
602 912
602 356
774 947
697 540
947 774
774 947
633 193
429 401
227 66
227 45
514 780
514 950
514 378
514 832
170 697
514 103
774 947
697 311
356 209
66 227
572 695
712 450
712 450
199 506
575 416
891 629
572 293
697 925
746 935
168 648
168 126
168 472
168 232
168 77
168 416
168 77
168 260
697 540
746 935
514 832
401 429
658 424
988 167
704 499
988 978
988 167
164 638
933 347
450 947
450 187
988 167
987 772
372 572
951 103
630 530
305 416
833 462
947 700
844 25
159 500
290 739
283 2
978 301
334 607
381 107
329 624
326 146
841 90
682 650
682 654
947 774
208 236
629 24
112 573
704 48
774 947
306 742
236 537
236 208
672 844
208 236
306 742
629 24
530 690
572 372
537 236
329 624
236 2
849 921
422 377
629 24
159 940
159 316
322 853
322 223
322 343
322 310
322 663
746 692
746 591
406 731
624 329
137 771
700 337
159 62
984 586
353 891
746 692
746 591
344 165
433 338
569 410
429 454
984 416
167 383
530 360
122 693
316 159
75 772
165 31
165 401
746 935
731 15
324 638
399 46
334 617
586 984
586 984
984 416
316 915
90 553
377 422
772 75
692 233
692 742
984 447
159 500
912 214
2 236
940 159
790 2
220 65
220 749
220 75
220 334
795 978
742 659
742 306
16 541
940 159
698 840
698 231
698 873
698 245
698 764
795 978
541 16
880 707
795 978
698 540
316 428
644 1001
299 388
147 278
771 137
2 790
159 940
159 912
159 214
663 343
663 950
714 890
159 738
714 193
950 663
159 802
105 364
324 534
790 126
790 126
165 31
165 401
165 67
714 617
24 136
316 278
189 569
746 935
746 334
199 702
629 838
569 482
569 415
569 482
569 415
692 993
731 8
42 534
951 171
977 1001
977 1004
977 418
500 159
812 542
940 159
810 643
305 472
32 977
795 421
166 416
62 159
915 356
915 530
915 684
644 90
915 586
159 923
693 122
978 512
670 175
105 233
159 62
500 159
462 231
334 692
166 500
334 746
450 947
424 658
159 500
614 141
795 978
189 410
337 700
40 450
940 159
940 159
133 256
980 464
233 591
707 951
90 850
90 644
530 526
531 95
530 24
530 280
530 630
530 891
530 160
530 493
530 658
256 133
189 718
90 8
530 685
416 166
531 482
838 629
472 912
530 630
159 940
90 912
90 416
500 159
731 15
90 613
90 422
530 280
680 707
735 603
735 780
735 822
735 395
735 505
735 514
735 337
735 378
795 421
680 720
795 978
406 731
278 316
684 450
684 248
684 157
684 915
684 586
684 356
684 530
450 684
104 765
742 104
90 356
923 617
891 267
423 977
724 293
629 526
629 24
629 360
629 530
629 561
765 214
534 139
318 326
56 502
592 98
424 421
424 795
424 990
424 207
327 381
337 735
294 30
951 541
62 159
951 506
246 423
246 101
377 422
977 153
231 764
356 765
377 716
56 157
56 915
337 927
592 927
534 206
534 489
582 764
2 790
582 764
540 231
765 648
923 239
923 951
923 214
923 159
582 364
886 250
165 401
165 31
754 718
765 648
126 52
56 692
56 687
56 591
629 838
923 134
534 487
423 866
423 149
534 477
534 154
534 125
534 322
534 102
534 562
534 939
534 64
534 622
423 716
534 510
168 77
423 246
423 710
423 977
423 101
423 779
423 184
168 52
168 232
2 790
592 134
424 207
424 990
851 167
220 159
984 586
381 327
75 220
159 62
416 90
609 927
609 772
851 188
609 633
65 220
499 684
24 136
609 772
499 684
609 707
609 927
24 136
153 977
609 454
193 714
851 469
165 31
923 633
84 97
356 912
912 472
891 267
16 541
193 53
629 838
353 891
607 40
40 450
540 955
416 193
522 61
422 680
422 731
422 15
62 159
416 134
165 401
891 353
159 220
633 193
454 134
629 160
629 530
629 493
629 561
629 658
978 493
927 542
267 891
670 532
629 631
75 772
592 927
592 65
428 316
550 617
424 421
424 795
424 207
424 421
424 795
309 514
629 891
629 630
629 360
454 592
454 401
454 429
454 291
977 1004
714 193
684 48
469 978
90 8
193 714
659 742
607 231
1004 977
106 788
714 193
126 168
629 526
629 24
629 685
629 846
629 280
105 233
152 86
401 165
743 356
506 670
774 947
947 774
774 947
947 774
658 526
658 274
658 647
658 547
506 364
658 142
658 188
658 24
658 301
658 408
658 656
658 136
658 817
658 167
658 280
658 990
658 360
506 461
401 454
697 873
697 925
697 855
531 987
628 135
628 720
697 311
697 925
697 855
947 774
987 531
401 415
401 429
401 291
401 454
401 165
200 971
695 40
401 415
401 429
159 500
697 170
658 631
658 35
978 469
978 188
978 167
978 141
978 35
748 308
738 850
854 542
334 687
569 356
334 159
135 628
563 731
803 674
231 540
602 126
743 166
77 439
695 159
607 356
231 540
658 160
654 682
841 90
658 953
658 493
658 207
658 561
774 947
977 423
343 663
135 628
628 135
654 650
500 166
659 306
987 531
682 650
682 654
531 987
31 428
125 622
569 32
988 469
500 782
629 891
697 311
165 316
506 1004
506 605
506 921
548 164
599 502
599 502
530 280
1001 381
684 704
506 249
356 168
423 101
423 175
500 159
356 77
356 260
356 168
356 868
356 912
356 168
423 246
335 532
506 724
506 14
558 458
530 629
629 891
891 629
629 891
891 629
629 891
891 629
629 891
506 796
192 381
1001 977
868 765
106 1001
106 828
146 326
950 106
891 629
506 541
506 881
439 77
697 540
500 984
2 790
356 743
572 372
506 996
506 199
506 644
912 168
912 168
912 77
912 168
356 305
542 646
356 912
356 602
765 868
506 996
506 199
506 644
165 31
774 947
765 214
912 77
790 2
356 602
356 591
356 90
731 422
731 422
356 607
502 599
248 783
248 506
942 135
500 294
356 912
500 782
356 912
356 602
356 569
561 846
561 846
599 502
506 29
356 912
356 602
356 502
458 558
135 942
769 2
605 693
605 228
365 118
891 629
365 118
365 118
883 32
365 118
659 742
605 470
659 306
365 118
188 469
143 8
230 214
718 61
718 522
718 843
435 193
29 335
365 118
164 548
422 731
290 159
607 546
31 165
401 429
587 720
31 165
31 990
175 849
175 275
175 737
472 168
854 586
429 401
500 90
629 530
662 443
662 86
844 669
847 408
582 764
290 214
987 789
849 175
638 164
53 56
193 435
443 86
190 274
190 656
190 353
190 181
977 796
855 697
935 746
540 193
988 188
190 274
190 772
935 746
987 772
935 746
915 157
718 61
935 746
530 629
700 595
193 435
335 532
126 416
422 731
547 954
977 497
977 1001
977 423
977 1004
372 595
891 353
506 461
193 739
506 364
971 200
193 540
700 126
435 193
950 102
253 151
253 290
253 566
90 500
506 670
334 356
849 737
429 401
443 152
253 290
253 566
630 493
353 891
253 290
253 566
53 343
454 134
499 321
454 592
454 98
454 772
454 429
454 291
731 422
988 469
731 422
207 795
207 469
454 401
48 956
499 558
499 565
510 534
510 139
510 206
510 489
510 477
510 154
510 125
510 322
510 102
499 704
510 562
510 524
510 622
510 174
926 715
789 987
253 290
253 566
253 151
499 956
510 939
849 275
200 971
731 563
823 535
410 14
410 719
410 16
410 56
294 817
984 500
272 450
233 692
823 542
233 769
500 159
602 356
253 151
160 858
823 369
353 373
912 77
912 168
168 500
731 739
223 343
891 353
561 207
311 53
630 530
29 506
650 682
650 654
207 561
207 136
207 847
207 953
731 422
294 586
423 977
790 149
530 526
530 360
530 629
629 160
353 891
56 641
891 629
294 762
558 319
558 25
558 216
231 540
758 956
758 723
758 918
758 41
758 844
977 153
843 61
62 159
153 977
542 743
416 833
923 193
90 841
416 305
491 5
585 695
105 774
698 540
698 840
457 377
698 231
188 978
861 896
168 260
168 472
168 356
168 575
168 868
159 713
868 168
510 649
428 200
469 978
428 200
428 200
978 188
978 957
978 167
956 565
558 48
630 530
630 160
534 388
648 416
168 77
698 873
698 764
200 344
200 543
609 65
609 923
609 278
609 687
609 617
609 151
233 692
200 136
233 769
772 75
470 789
416 586
935 746
416 191
62 542
41 723
214 159
334 534
90 900
698 245
200 952
585 4
592 134
592 927
592 98
592 454
542 62
542 485
134 416
248 364
248 16
200 971
248 783
248 506
248 670
248 921
585 95
575 168
585 469
66 227
585 870
416 912
248 173
546 550
168 912
915 316
847 424
316 915
879 223
607 356
147 890
927 592
927 854
927 609
927 90
915 200
927 515
137 771
718 61
338 193
927 592
927 90
927 515
927 250
718 61
353 891
927 250
1004 208
316 915
720 628
844 956
963 67
428 316
191 209
278 61
718 502
718 591
214 159
530 630
866 423
135 371
912 260
662 193
720 82
720 870
720 135
720 581
720 4
720 731
720 371
106 788
168 885
590 686
353 891
868 765
684 704
774 947
530 629
120 356
372 415
537 236
415 372
305 912
290 614
912 305
868 2
868 602
159 398
159 940
947 774
165 67
48 558
774 947
743 542
868 52
207 469
599 502
147 230
863 231
891 353
135 942
372 404
372 595
236 537
338 540
353 891
353 891
381 532
565 704
193 923
416 648
718 61
718 522
718 843
935 746
236 790
638 562
530 685
369 823
542 62
695 585
267 674
978 167
327 381
428 136
550 743
200 344
2 283
327 381
159 500
704 684
978 817
758 918
159 551
935 568
530 629
629 24
629 136
629 891
629 530
62 646
568 935
546 614
318 704
978 188
978 851
595 372
260 168
843 407
846 561
306 742
306 660
306 203
530 629
530 891
978 469
858 614
214 230
500 159
846 631
470 569
607 927
607 75
607 609
607 91
978 547
935 568
236 790
534 510
32 569
377 522
648 168
935 746
233 692
135 628
628 135
534 223
971 200
153 977
643 685
236 690
106 1
629 891
530 629
629 530
891 353
416 927
416 256
416 147
891 629
891 629
65 592
192 381
953 207
534 477
65 147
684 550
891 629
891 629
450 572
160 629
935 746
147 65
233 746
772 75
75 772
912 305
912 305
65 191
912 305
450 695
629 530
629 160
147 471
646 337
935 568
191 65
935 568
569 415
569 599
569 605
75 772
48 558
1001 381
214 912
401 415
401 429
569 482
48 956
966 933
966 347
443 742
231 738
569 482
966 933
966 347
966 935
443 742
48 672
30 168
569 333
401 165
118 732
118 0
697 855
528 739
553 107
662 152
135 540
454 264
2 236
569 862
248 364
248 506
248 692
61 843
837 532
585 4
316 915
401 165
592 713
401 415
248 450
30 472
377 457
790 236
353 891
977 497
586 356
136 428
136 857
136 371
126 782
546 127
546 629
223 879
795 421
171 933
107 440
927 772
381 327
628 135
935 568
977 1001
977 423
977 1004
795 424
643 685
267 112
416 313
90 306
868 602
522 613
732 118
90 769
719 783
719 13
719 738
719 837
147 65
585 126
614 546
335 532
546 470
546 196
546 65
450 712
61 522
629 891
416 927
416 256
915 200
915 248
75 772
159 500
924 682
924 1001
924 506
165 31
443 742
165 316
590 171
31 165
65 629
924 702
159 443
97 591
712 450
712 40
712 53
849 275
849 175
75 850
75 127
75 191
988 167
75 629
924 644
924 173
590 171
993 233
344 67
67 344
67 207
67 344
67 165
658 24
278 61
924 14
291 134
291 401
291 429
291 454
443 159
401 415
401 165
344 67
135 405
924 199
291 268
697 855
75 334
849 737
738 924
738 783
738 173
738 13
738 437
738 761
738 653
738 506
738 996
738 850
738 199
738 921
738 657
738 702
383 586
239 538
738 850
890 534
629 65
294 356
738 644
849 275
738 979
738 1001
849 175
239 509
738 576
738 197
738 516
738 541
738 650
738 327
738 747
738 745
738 881
738 508
738 923
738 532
738 682
738 131
738 654
738 270
738 837
738 719
738 14
887 176
697 855
697 311
338 890
356 256
356 30
338 433
912 214
912 168
718 118
256 30
256 356
542 157
969 977
915 731
746 534
746 692
534 746
915 851
915 502
915 32
915 280
915 731
969 977
915 718
502 920
502 718
506 761
506 653
506 996
506 199
506 644
506 921
506 657
506 702
506 738
502 530
746 534
61 687
61 617
718 61
168 912
502 851
502 32
502 915
502 280
502 731
61 278
697 925
915 530
433 338
586 984
586 447
586 168
586 984
586 984
24 891
443 86
443 152
472 575
586 168
111 602
168 260
168 912
168 586
168 984
168 586
168 912
168 912
165 344
697 540
168 912
915 920
516 532
77 439
718 866
356 607
746 534
746 692
356 912
356 602
356 569
891 24
260 912
77 2
260 168
356 209
969 189
443 86
443 137
443 742
443 703
502 356
502 915
742 443
356 294
506 437
176 887
920 851
915 920
630 629
643 381
537 236
692 65
236 537
500 90
634 337
537 236
915 530
428 802
290 220
90 984
643 685
629 630
850 196
126 260
935 746
685 643
160 530
866 101
31 718
915 280
633 923
236 537
193 544
765 209
220 290
883 189
718 31
718 189
802 159
718 189
915 851
718 189
718 189
802 428
863 993
863 784
863 306
863 769
863 83
863 626
630 377
718 189
765 209
65 687
789 470
245 231
952 344
568 900
568 662
568 379
568 272
157 542
568 712
428 136
542 157
112 803
915 647
53 193
53 633
220 159
530 24
193 65
193 633
193 416
193 629
561 846
65 462
697 855
245 231
802 428
643 381
220 290
851 188
663 343
290 214
290 159
428 647
428 142
251 95
428 990
428 971
428 857
428 92
428 915
428 952
428 136
428 31
505 337
164 879
428 200
692 233
866 718
280 920
268 117
268 98
268 633
268 291
268 454
268 713
542 157
275 849
416 294
200 428
416 356
582 173
499 558
582 440
290 220
685 643
290 214
290 159
633 53
236 2
758 844
175 849
31 718
758 918
920 502
920 32
920 915
920 280
920 731
920 718
920 530
700 812
629 65
951 715
658 280
90 248
90 841
629 530
236 537
90 381
428 136
220 290
428 915
758 956
568 495
866 718
175 275
159 802
685 724
685 1001
915 428
565 499
277 700
416 91
428 61
630 415
704 318
65 692
866 718
718 377
718 101
718 866
718 866
841 90
101 718
280 851
280 915
280 530
500 90
993 343
435 500
866 718
428 802
416 256
65 629
535 369
377 101
971 31
397 975
397 671
537 236
718 866
333 767
397 975
397 671
432 468
558 499
692 65
832 638
428 915
499 565
294 126
245 231
236 1004
506 13
506 783
200 344
200 543
272 742
15 731
132 828
534 388
742 272
731 15
90 107
200 136
90 381
742 214
742 159
592 134
592 927
592 98
569 231
569 607
31 915
153 977
1004 922
90 416
200 952
607 591
898 464
422 12
718 101
464 898
680 15
377 423
607 612
607 534
607 851
200 971
607 502
607 978
607 915
607 127
607 280
607 569
607 718
607 629
607 530
607 920
607 388
15 268
90 356
592 927
718 866
718 607
718 61
955 540
168 356
153 977
866 718
586 984
866 718
718 377
866 718
788 740
512 469
512 469
512 469
586 416
443 742
716 718
334 687
334 746
746 692
84 324
718 189
423 650
592 65
592 98
592 948
595 214
595 159
977 153
104 765
327 381
569 862
718 724
629 214
86 443
15 731
197 437
429 454
168 868
168 575
743 704
743 356
136 428
828 132
334 692
416 752
718 377
682 783
682 738
416 193
416 772
416 53
416 290
416 159
98 134
98 268
682 654
98 592
98 117
98 107
98 429
98 291
98 454
98 713
660 306
24 629
24 160
98 707
24 658
682 650
953 207
142 953
24 647
718 522
530 629
569 75
647 24
207 647
30 126
13 516
530 629
629 65
90 703
134 592
416 30
977 153
953 207
65 609
65 629
15 731
624 329
629 530
718 866
142 267
512 469
66 986
422 15
978 469
978 552
167 978
738 650
738 682
738 654
738 783
422 8
333 789
450 695
731 15
67 344
220 159
435 782
923 193
752 416
971 200
294 356
923 738
353 891
900 272
422 731
512 469
512 469
512 469
512 469
650 682
650 654
650 783
650 738
90 541
565 321
90 657
450 233
327 506
698 540
698 840
698 231
698 873
698 245
698 764
422 406
789 333
506 173
280 851
592 1003
915 718
915 530
915 920
233 901
233 229
233 993
233 443
233 86
233 863
915 731
233 771
233 692
233 306
233 769
233 152
233 835
233 400
977 969
851 915
851 280
233 659
851 530
915 280
915 502
940 214
415 630
923 159
450 712
692 534
450 695
915 428
915 31
516 532
915 32
846 561
851 502
851 32
851 915
851 280
851 731
851 718
851 530
851 920
915 851
984 586
231 763
851 920
977 969
506 650
506 327
506 747
506 881
506 14
506 508
506 945
506 923
506 532
506 541
506 682
506 654
506 270
506 837
506 719
506 1001
506 745
506 979
506 850
506 924
506 131
416 2
506 516
356 157
267 838
534 692
256 30
256 356
984 586
356 209
718 61
159 923
738 923
506 576
738 231
738 921
561 846
356 586
136 200
415 587
256 30
256 356
912 168
980 718
738 783
561 846
542 157
565 723
175 423
175 101
125 622
337 505
90 381
935 746
416 52
416 2
849 175
175 246
607 718
603 514
101 175
423 175
565 134
246 175
207 241
283 214
742 591
293 724
416 126
214 742
450 568
101 718
977 153
736 245
126 416
189 718
530 526
530 24
530 280
530 891
530 160
963 67
65 592
67 344
67 963
748 926
568 450
189 969
984 586
433 338
159 220
963 67
299 388
984 586
175 101
175 423
159 443
429 401
429 98
429 454
629 65
416 196
280 658
586 984
742 214
168 356
586 984
746 692
746 692
586 447
164 548
977 153
126 416
663 343
585 167
294 817
647 24
175 246
168 912
377 718
423 246
423 101
200 971
662 450
763 231
423 175
175 737
175 1004
159 220
779 883
682 650
682 783
682 738
175 423
742 443
718 716
32 143
712 450
712 40
712 53
682 654
1004 236
424 207
854 185
415 401
415 150
415 569
987 231
450 187
450 40
450 802
383 586
362 526
977 1001
61 428
450 40
428 61
428 316
629 24
193 540
322 343
624 329
454 401
454 429
782 435
586 383
977 541
592 98
424 421
424 795
424 207
450 572
450 900
450 568
450 662
450 272
450 802
592 454
317 784
193 540
443 742
977 32
771 317
977 32
229 659
229 306
592 134
592 927
189 969
724 293
500 90
416 256
849 275
849 175
737 175
167 988
542 646
984 447
803 112
984 447
984 447
450 695
927 65
927 823
927 369
927 609
927 90
927 557
927 191
927 513
927 485
927 250
927 854
416 927
416 617
175 737
416 147
500 435
482 569
500 435
605 789
605 693
605 228
450 802
692 746
428 136
927 65
214 765
568 900
500 586
214 912
500 166
977 418
500 782
175 849
175 275
500 515
927 444
443 233
415 150
868 356
61 428
516 790
2 236
189 969
2 983
61 718
327 381
168 868
868 168
868 168
630 530
630 530
586 912
586 168
586 984
586 157
586 356
575 168
575 472
782 332
969 189
868 260
868 912
38 309
168 912
168 586
168 984
133 256
356 256
356 30
136 428
356 256
868 77
356 30
126 790
356 256
356 30
2 112
356 765
629 891
189 724
61 278
133 256
126 294
415 569
168 868
1001 644
246 101
595 272
344 67
344 165
812 790
743 602
293 700
790 812
141 614
790 812
428 61
428 136
428 915
506 199
833 720
833 462
833 720
540 193
743 356
415 401
231 540
790 516
344 67
401 454
790 126
790 260
790 812
165 31
273 951
697 540
697 311
697 925
697 855
812 790
516 881
165 401
165 344
401 415
401 429
401 291
401 454
105 233
401 415
401 429
516 761
136 428
472 743
984 447
435 500
119 465
119 790
119 2
119 700
119 812
512 978
512 978
272 802
319 956
214 159
915 731
464 980
160 280
758 918
165 31
165 401
846 561
685 724
685 1001
159 214
711 718
283 2
141 614
454 772
454 429
454 291
723 565
133 256
246 423
246 101
160 530
435 500
500 435
332 500
450 662
450 272
891 629
214 159
772 75
772 609
332 782
381 107
771 306
450 900
454 98
802 272
236 364
256 294
256 313
629 838
629 891
643 685
758 956
758 918
685 643
530 450
256 885
530 248
530 915
530 586
530 356
530 684
629 607
643 685
338 231
685 643
775 692
530 157
236 690
685 643
388 299
236 208
236 537
236 783
236 506
236 1004
305 743
31 92
236 537
223 853
256 133
250 927
334 75
450 248
450 157
450 915
450 586
450 356
450 530
450 684
30 166
334 612
984 912
454 401
454 134
175 849
980 107
377 605
738 214
530 629
714 890
714 193
332 500
256 30
977 153
256 356
500 159
849 175
381 107
731 8
516 790
500 332
193 714
530 629
714 193
410 969
891 274
915 647
978 207
984 168
984 586
718 746
915 647
978 988
978 421
978 795
978 547
978 851
978 512
978 469
978 614
978 301
978 954
978 817
978 167
978 141
978 552
978 424
978 35
978 188
454 592
891 274
977 153
602 133
602 416
569 538
569 538
568 700
765 214
569 189
629 530
718 61
915 165
718 591
925 429
236 2
454 134
454 592
454 401
454 98
454 772
454 429
454 291
978 795
153 977
915 857
634 299
718 904
718 716
718 724
718 189
718 595
718 883
718 377
718 32
718 754
714 193
718 711
790 516
542 812
62 159
193 714
165 31
165 401
977 153
790 2
977 153
977 153
586 157
746 692
586 984
337 634
415 362
428 802
977 153
332 500
429 454
993 343
435 332
424 421
332 435
424 795
428 160
500 332
590 171
233 890
984 416
214 159
168 885
362 528
863 692
424 207
855 697
153 977
444 535
802 428
188 469
698 540
698 840
698 231
698 873
698 245
698 764
66 227
528 362
568 900
692 746
844 214
329 624
643 685
343 993
758 318
416 927
416 256
220 890
568 379
173 582
915 428
752 416
732 5
607 356
609 951
629 280
153 977
771 306
207 67
165 31
165 401
732 118
602 168
746 935
746 692
629 891
67 344
67 963
67 165
629 630
4 371
168 602
746 568
309 1
732 29
428 915
993 343
153 977
343 534
272 900
697 855
416 752
561 846
428 136
67 344
835 233
67 963
67 207
898 688
332 318
401 415
401 429
401 291
401 454
401 165
915 647
67 165
891 629
987 809
444 722
62 485
987 531
416 356
720 833
542 62
736 540
159 220
337 505
32 851
62 542
32 502
32 280
32 731
32 530
32 920
272 900
866 718
900 568
334 97
220 159
32 915
485 62
214 940
306 863
923 214
923 159
955 540
987 531
846 561
798 769
724 685
207 142
207 92
214 578
500 166
500 515
530 629
977 153
40 159
509 788
531 987
509 893
159 923
700 277
500 586
318 499
718 708
643 685
462 157
462 687
462 783
462 742
462 670
462 692
462 718
462 591
462 334
462 542
912 168
685 643
462 617
963 67
318 499
141 614
30 256
30 356
569 862
185 854
697 855
718 866
462 278
462 223
62 542
62 485
485 62
685 643
356 416
31 165
866 718
643 685
630 629
462 517
500 782
685 643
428 915
379 568
761 881
283 214
462 450
462 248
462 851
462 923
428 802
700 293
629 891
207 241
912 472
530 280
540 697
530 160
789 470
561 846
377 422
530 851
530 915
912 168
530 280
440 335
630 377
984 586
984 586
969 977
133 256
232 416
969 977
530 160
530 891
746 935
832 514
470 789
743 602
424 421
424 795
424 207
971 200
5 491
540 955
984 912
984 168
832 780
133 256
491 5
912 602
912 356
168 984
980 718
189 716
890 233
280 189
936 581
980 718
220 65
746 692
56 731
746 980
746 718
746 530
746 221
746 743
746 776
746 920
746 591
969 189
746 836
969 189
891 629
629 891
586 356
586 500
586 383
586 294
891 629
586 912
586 168
356 743
552 188
746 56
746 731
356 256
356 30
912 168
32 572
256 30
256 356
746 834
746 534
746 450
746 692
746 248
746 502
746 517
746 542
746 135
746 157
746 915
746 783
746 775
746 742
746 851
377 630
24 647
65 220
614 552
462 833
122 980
927 250
614 552
900 90
159 783
159 506
462 833
568 450
462 833
692 863
416 984
977 153
220 65
220 749
14 506
416 927
416 868
406 680
993 692
833 462
462 833
423 246
2 77
343 993
168 984
136 200
716 189
542 62
746 415
746 692
167 851
423 101
743 356
256 416
256 313
602 743
423 246
423 101
90 900
90 40
200 136
5 491
256 294
866 761
428 915
900 40
855 170
863 229
92 207
977 491
644 90
200 971
891 629
168 885
168 912
855 697
168 984
160 530
65 90
318 684
491 5
220 65
160 891
846 561
377 718
280 530
416 232
980 61
697 170
277 700
779 407
428 915
855 697
151 566
151 290
13 532
90 500
416 617
846 561
746 534
746 550
746 935
697 855
846 561
662 466
65 927
552 858
697 170
697 170
697 170
697 170
915 450
718 843
915 185
935 746
493 301
849 327
849 275
849 737
849 175
75 772
159 398
159 940
774 947
193 157
912 168
327 849
327 175
628 334
772 75
332 318
92 847
954 167
912 77
912 168
422 731
847 302
629 891
947 774
586 356
586 435
548 164
316 915
629 24
165 858
2 891
159 500
846 561
135 942
654 650
850 987
165 67
847 92
847 954
847 31
847 165
847 424
847 207
157 193
654 682
586 416
847 92
847 190
561 207
101 866
200 971
561 629
561 493
159 278
90 731
688 29
561 846
561 629
891 629
450 695
685 24
629 891
214 891
891 629
246 572
306 203
951 890
233 61
891 353
847 954
866 101
133 602
847 629
847 165
847 424
847 35
847 953
847 316
847 207
101 866
912 159
923 159
424 421
321 216
454 592
157 740
454 429
435 500
92 207
454 147
977 189
572 246
424 795
416 586
159 912
765 256
135 870
135 581
135 4
135 371
135 628
135 214
14 719
135 942
927 592
135 82
927 854
927 90
927 722
927 191
927 513
927 250
927 444
609 731
24 685
607 833
927 823
294 30
957 167
30 648
157 586
157 775
978 547
978 35
428 316
698 540
698 840
698 231
698 873
30 209
698 245
306 742
428 915
812 790
356 256
429 454
61 233
977 418
857 160
774 947
698 764
774 947
422 731
912 168
193 157
891 630
891 24
14 724
912 168
433 738
462 833
402 534
942 135
585 318
75 772
415 150
398 159
119 812
534 159
772 75
947 774
891 629
203 306
32 862
415 401
771 703
630 891
912 159
173 364
173 248
173 16
173 783
173 506
173 670
173 921
231 2
147 454
585 561
159 534
159 278
306 203
719 783
719 13
719 738
719 837
185 915
630 891
585 659
159 923
157 915
956 565
846 561
712 398
977 418
16 127
724 14
724 796
356 313
971 200
971 200
333 783
891 24
333 506
977 862
710 423
710 832
710 184
175 5
433 738
260 77
712 61
586 416
381 327
586 416
663 343
660 329
159 923
159 940
322 164
32 915
1001 977
977 1001
1001 977
232 168
977 189
891 2
915 32
915 428
843 779
915 428
327 381
356 912
915 428
423 710
318 585
356 607
61 233
638 534
586 435
356 30
168 356
168 868
168 416
168 912
168 912
168 126
2 790
712 398
506 461
168 260
506 364
506 16
506 769
165 857
795 424
795 207
795 421
795 424
795 207
774 947
506 670
356 256
168 77
891 24
586 157
200 971
356 256
356 30
505 356
356 256
356 30
356 505
356 515
712 398
356 765
915 428
189 977
2 231
2 790
586 157
984 133
790 2
790 891
548 164
915 428
956 321
710 184
710 423
592 98
592 713
772 75
774 947
891 920
915 32
278 159
537 236
682 837
428 316
682 719
682 738
534 343
424 978
682 650
682 654
724 246
334 628
915 428
915 857
682 783
915 136
915 428
592 713
947 774
435 586
103 423
214 290
537 236
915 647
891 24
499 565
952 200
984 168
75 772
952 543
617 720
629 891
732 16
891 629
629 24
592 134
592 927
592 98
629 214
710 832
628 334
697 170
550 248
428 142
168 232
428 915
685 24
629 561
321 956
30 313
940 159
444 535
309 1
977 32
977 1001
977 423
977 1004
977 418
32 862
16 732
159 923
164 322
318 332
607 499
428 915
470 789
697 855
134 592
134 291
134 454
586 334
586 334
42 534
24 629
248 157
24 685
429 401
429 454
685 493
343 534
160 857
718 61
248 550
164 548
334 591
718 716
429 98
343 706
157 542
423 101
214 865
214 324
214 738
214 844
214 220
214 334
135 942
947 774
633 220
214 852
951 769
565 48
565 321
629 526
629 24
629 685
629 280
629 360
629 630
629 891
565 956
629 631
214 920
214 743
372 934
175 737
774 947
160 629
316 214
743 602
873 231
214 107
214 569
214 776
214 731
214 940
214 544
214 629
214 987
214 720
214 530
214 684
214 371
214 835
214 692
372 595
629 160
629 493
435 586
586 435
175 849
175 275
175 737
435 586
978 957
742 659
742 306
15 731
90 189
428 953
428 31
428 31
428 31
428 31
599 569
987 471
849 275
849 737
957 188
629 530
15 680
193 700
629 561
629 658
774 947
854 239
629 526
629 24
629 685
629 846
629 280
761 14
629 360
629 891
629 631
629 160
629 530
629 493
629 561
629 658
607 696
377 101
629 630
849 175
372 404
947 774
415 401
415 150
415 569
454 429
415 833
415 401
415 150
415 569
415 191
82 267
207 561
854 239
147 277
147 171
147 933
147 926
147 347
147 972
147 285
147 590
921 977
147 577
112 674
415 569
955 540
267 82
568 379
119 335
60 695
924 122
40 450
718 189
214 159
191 927
415 833
415 150
415 569
415 191
718 61
774 947
435 586
164 402
191 65
415 401
415 401
160 301
147 230
147 308
854 586
127 883
915 142
548 638
921 977
159 912
977 921
984 168
91 832
849 175
338 433
837 682
837 719
837 783
837 738
837 682
837 719
837 783
837 738
696 607
581 936
147 686
849 327
629 190
147 27
65 191
774 947
537 236
921 977
629 24
629 136
629 891
629 160
580 143
629 530
680 731
48 956
48 565
547 188
316 915
185 833
91 407
977 921
629 493
629 561
157 248
184 127
987 471
569 693
569 295
569 6
569 409
569 976
569 0
569 599
569 605
569 228
569 249
24 891
774 947
353 891
353 891
569 502
429 401
429 98
429 454
955 540
955 773
942 135
955 311
569 502
569 333
915 858
569 482
147 590
147 590
569 482
569 415
663 638
595 189
159 398
569 710
159 940
67 963
67 207
569 990
569 482
569 415
569 470
569 862
569 538
569 991
67 344
67 207
955 427
955 987
356 209
987 471
934 372
462 762
724 226
790 812
703 159
90 746
90 191
356 30
790 812
790 812
1 310
274 656
629 530
940 159
191 65
167 274
191 927
423 246
607 528
955 925
891 353
159 923
214 865
14 724
415 401
415 150
415 569
659 742
95 585
957 188
629 185
159 687
415 833
415 150
415 569
415 191
95 987
30 294
290 53
95 427
614 546
731 422
415 401
947 774
67 165
416 927
987 56
987 955
987 764
987 641
987 68
592 134
592 927
592 98
592 454
987 588
592 134
175 275
175 737
915 214
469 188
731 422
184 607
184 393
774 947
429 401
175 849
918 758
987 95
987 361
987 432
987 364
987 849
987 540
987 840
987 789
987 231
987 311
987 872
987 531
987 511
987 482
987 873
987 994
987 251
987 245
987 28
987 338
987 582
987 433
987 809
416 147
374 306
765 30
189 718
245 231
680 720
537 236
294 30
724 14
629 530
569 482
724 246
858 915
724 711
947 774
607 356
638 663
313 294
313 256
313 416
643 473
569 482
926 577
724 293
469 188
67 207
200 952
236 537
236 537
321 956
752 220
731 609
16 724
849 175
401 429
742 306
67 963
812 687
493 658
220 633
703 159
220 752
188 274
915 428
214 159
472 912
472 168
994 764
343 84
343 822
343 310
592 454
592 713
592 134
592 268
592 454
772 609
772 454
993 863
851 978
592 98
629 24
454 890
454 863
454 922
454 150
454 90
454 165
454 543
680 731
126 168
454 592
516 532
592 927
966 935
592 98
731 680
67 344
67 963
67 207
543 200
543 971
543 952
543 136
592 134
543 344
67 207
592 134
592 927
592 98
592 454
372 595
629 530
966 933
966 347
67 344
592 927
731 680
698 840
48 956
48 216
48 25
48 319
48 558
48 458
75 220
516 437
516 532
24 629
2 52
2 868
629 24
638 706
857 915
428 165
891 267
712 398
630 469
41 565
2 602
698 540
638 299
24 629
698 231
698 873
698 245
698 764
214 159
454 291
214 159
552 851
159 923
638 299
469 978
214 290
168 126
469 630
157 617
537 532
398 712
718 61
563 731
126 416
193 923
983 364
592 818
879 322
454 592
454 98
454 772
168 912
712 380
605 693
605 293
188 469
912 168
454 134
401 415
189 718
67 344
67 963
67 165
67 207
165 316
165 67
236 393
710 832
401 165
707 1003
912 557
795 207
454 291
454 713
912 214
454 772
454 609
795 424
795 207
316 857
401 98
207 67
401 429
401 454
401 165
772 927
772 609
772 454
629 24
454 147
795 421
795 424
401 291
581 703
707 98
707 951
530 891
587 720
165 428
290 739
290 669
321 216
703 135
947 774
703 581
891 530
175 688
90 416
24 629
847 207
952 200
952 200
847 408
157 590
977 189
767 333
90 30
707 680
891 530
955 540
707 609
159 923
774 947
147 454
165 401
374 229
774 947
229 659
469 978
891 530
469 978
168 77
168 260
572 40
788 740
509 299
509 634
955 987
988 188
30 313
168 912
454 429
983 692
983 764
629 891
891 629
891 629
356 209
356 868
629 891
891 629
629 891
356 912
891 629
168 77
168 232
868 209
868 356
299 388
782 586
868 168
423 246
423 101
423 175
168 557
299 388
119 790
891 629
843 711
843 718
843 591
843 407
61 135
602 743
912 168
912 356
629 891
629 891
891 629
447 586
912 168
912 557
912 356
629 891
629 891
891 629
638 388
629 891
891 629
843 687
168 868
168 260
168 912
783 214
450 61
450 900
450 233
450 443
450 602
450 662
450 398
915 316
450 742
450 306
450 272
450 802
502 569
136 371
136 857
61 991
153 977
105 418
450 692
168 77
61 591
450 712
168 557
168 356
168 868
356 168
356 168
712 40
2 790
2 52
2 602
61 718
2 868
353 891
891 353
135 942
135 61
135 628
135 581
433 987
530 891
450 398
506 783
983 769
843 16
843 534
135 61
629 891
428 316
891 24
356 209
356 607
356 334
83 784
126 573
159 940
977 189
629 891
765 586
765 356
220 75
988 431
214 923
168 77
168 416
568 379
891 629
952 200
159 398
868 416
942 936
267 891
891 267
189 977
586 765
469 141
586 500
891 267
125 676
933 686
125 622
125 622
125 676
125 622
530 629
398 712
433 738
159 316
531 95
927 250
125 676
843 388
923 159
24 891
629 530
891 629
891 629
318 332
629 891
356 313
891 629
891 629
891 629
416 168
629 891
416 168
891 629
105 418
168 416
629 891
629 891
891 629
891 629
915 428
629 891
24 891
942 135
159 923
534 388
534 638
159 915
428 857
428 915
638 299
424 978
936 942
424 421
416 356
424 795
424 207
61 718
923 159
32 716
639 215
923 193
159 923
159 687
629 891
424 990
454 98
454 401
454 592
415 833
415 401
415 150
415 569
415 191
470 569
267 586
720 680
720 855
306 229
267 586
267 586
718 904
718 716
718 724
718 189
718 595
718 883
718 377
718 32
674 112
718 754
561 846
720 587
841 90
774 947
313 294
313 256
313 416
720 617
415 401
415 150
415 569
561 846
103 514
977 996
977 418
191 415
663 343
75 772
236 537
738 433
647 24
802 428
428 802
514 103
718 711
720 587
429 454
306 229
927 542
927 535
335 107
40 450
850 738
450 947
67 963
607 696
67 207
697 540
356 90
697 540
607 356
712 398
743 602
765 214
569 482
356 256
356 607
147 454
582 764
444 823
290 214
290 159
925 429
435 586
322 343
542 646
334 607
35 167
977 1001
159 214
977 423
977 418
306 229
861 896
377 718
229 306
40 450
977 32
977 32
180 958
977 1004
356 30
858 35
191 415
469 421
469 795
469 547
469 188
469 954
469 817
469 167
469 424
469 35
956 558
469 207
947 774
774 947
951 638
542 646
947 774
991 61
334 628
774 947
774 947
469 241
29 333
956 319
956 48
343 939
343 735
41 723
67 344
67 963
67 207
514 780
514 950
514 378
956 216
514 832
774 947
947 774
595 71
774 947
142 428
947 774
774 947
469 188
469 167
514 103
947 774
29 249
454 592
493 685
333 29
333 6
514 103
696 607
424 421
424 795
424 207
103 514
629 838
267 112
313 294
313 256
313 416
164 548
514 103
774 947
103 514
846 561
159 912
602 743
454 134
424 207
424 421
454 98
454 713
607 334
774 947
607 356
951 341
422 165
191 415
422 165
424 795
343 663
316 428
316 857
947 774
422 165
428 316
422 165
428 915
942 135
103 514
947 774
256 30
256 356
569 482
450 712
774 947
774 947
126 256
940 159
987 90
398 712
771 65
256 126
774 947
454 98
32 127
715 926
306 374
585 558
534 879
987 833
940 159
951 724
388 638
693 122
122 693
193 230
955 987
401 165
230 193
712 450
955 540
955 773
955 311
955 427
955 925
955 987
977 418
955 540
955 311
955 427
955 925
955 987
955 540
955 773
955 311
955 427
955 925
955 773
401 454
424 421
424 207
569 415
758 956
758 918
731 563
90 189
381 327
332 318
401 415
401 165
569 482
912 77
912 168
168 912
168 77
168 260
168 472
168 356
168 575
168 868
454 134
912 260
424 795
193 720
912 159
947 774
693 122
774 947
590 577
758 956
758 918
758 41
24 891
947 774
832 710
754 272
24 647
754 595
765 356
193 581
193 720
168 126
987 531
67 344
67 963
327 381
401 291
401 429
401 98
915 142
915 990
915 200
915 971
915 857
915 302
915 92
915 952
915 136
915 428
915 31
915 165
915 543
915 953
472 356
472 743
702 738
220 334
188 978
356 30
915 344
253 290
915 647
764 582
977 418
927 65
927 592
927 854
927 772
927 147
927 609
927 90
927 191
915 17
927 513
927 444
356 209
774 947
951 979
680 731
629 280
214 844
69 706
416 356
927 250
253 566
401 98
401 429
696 607
977 418
67 344
67 963
67 165
67 207
980 479
165 401
977 996
401 429
977 418
774 947
628 135
718 127
416 126
947 774
947 774
947 774
738 433
977 418
844 214
774 947
256 126
644 199
401 291
401 454
401 165
429 401
469 207
135 628
401 429
401 454
401 165
160 543
126 168
126 256
401 429
316 214
248 49
429 401
678 696
127 718
127 184
126 416
248 49
782 586
782 435
955 987
955 925
227 966
135 581
471 147
242 769
713 592
713 98
713 107
713 592
713 98
313 256
987 531
713 454
924 506
924 173
924 14
924 1001
924 702
924 199
924 682
924 644
713 291
774 947
658 629
313 416
712 299
443 152
697 540
697 170
697 925
697 855
306 742
774 947
742 306
414 891
32 862
190 274
165 857
165 401
190 181
190 656
190 373
190 353
190 920
947 774
165 915
516 532
344 838
947 774
191 471
191 471
580 143
764 245
977 996
977 418
723 758
723 41
764 245
607 696
704 684
191 471
41 565
684 48
684 565
684 918
684 318
684 679
684 704
684 499
704 743
306 742
422 731
343 322
771 769
742 306
343 853
343 223
343 310
343 322
343 663
135 942
135 942
343 663
356 90
607 415
422 731
15 680
607 334
769 771
774 947
343 853
343 223
343 310
830 769
684 321
746 692
746 692
977 702
630 920
891 160
214 443
472 912
472 168
920 90
920 630
891 629
416 168
915 285
769 229
769 993
769 329
769 443
769 86
769 231
769 863
769 771
769 135
769 901
769 772
159 214
630 920
423 101
149 716
214 159
682 650
682 654
682 783
682 738
920 630
940 159
891 629
423 175
984 586
249 716
249 189
710 423
710 832
710 184
159 500
423 710
61 700
249 1004
746 935
769 659
769 120
383 589
738 837
738 783
891 2
2 814
2 769
2 790
356 607
439 77
843 711
561 585
356 472
356 743
502 605
502 228
356 472
356 743
327 381
260 77
746 935
170 231
769 581
629 891
886 250
769 951
769 873
769 95
769 306
769 83
769 152
769 835
769 400
769 159
443 769
880 193
769 506
769 692
159 927
159 542
684 558
439 77
443 214
30 256
30 356
769 364
423 246
684 844
506 541
416 260
416 168
416 868
927 535
837 738
630 685
356 912
356 602
246 572
416 77
927 854
978 957
193 923
758 918
758 318
660 951
837 738
942 135
90 428
90 915
978 188
663 534
166 674
947 774
344 971
344 952
344 543
782 435
782 586
90 356
428 90
104 416
569 65
166 112
231 540
428 915
65 569
803 674
984 586
846 280
602 356
428 316
189 249
704 48
782 435
344 200
663 343
569 415
947 774
569 249
214 912
48 565
356 912
356 168
977 996
977 418
923 743
188 978
134 168
454 890
270 199
927 90
927 515
629 526
629 24
629 685
629 846
629 280
454 890
569 482
940 159
795 421
253 151
506 783
253 566
253 290
135 942
607 415
586 984
857 428
586 356
795 424
356 505
774 947
415 607
356 90
260 416
428 316
422 680
630 530
630 493
245 231
245 540
191 471
167 978
90 428
696 607
607 696
381 327
947 774
607 415
774 947
189 249
703 90
977 996
310 343
977 418
532 516
532 13
978 988
322 343
891 159
743 704
175 849
175 275
175 737
771 703
535 369
707 301
702 977
506 881
506 14
506 796
506 724
506 249
506 1004
506 605
506 921
450 947
133 168
450 187
847 482
528 362
873 231
381 107
509 893
333 506
830 769
977 796
526 530
764 582
90 915
450 662
450 272
617 923
617 278
617 687
617 151
774 947
470 789
565 704
988 167
249 189
947 774
306 659
90 920
531 987
857 344
40 802
184 779
506 333
761 516
164 548
61 718
306 659
450 187
936 581
347 171
450 802
450 695
415 833
415 401
415 569
415 191
428 647
428 142
428 990
936 135
428 200
428 857
428 92
428 915
428 952
428 136
428 31
428 953
947 774
774 947
428 971
149 716
416 166
782 166
569 862
569 482
569 415
569 599
381 327
67 963
569 482
569 415
947 774
774 947
40 147
147 277
147 171
147 933
147 926
147 347
147 972
147 285
147 590
147 577
977 1001
147 230
739 528
431 988
290 614
15 680
15 422
15 731
66 227
171 951
500 62
92 658
963 67
214 159
963 67
847 482
847 569
847 424
847 207
607 334
122 428
427 955
248 506
585 561
15 680
470 789
147 686
147 27
166 586
166 782
188 978
203 306
214 765
795 421
795 424
795 207
988 469
166 294
592 927
592 98
454 890
267 944
530 630
56 53
56 159
742 765
947 774
127 904
977 418
147 308
712 466
416 868
90 935
723 499
772 927
506 461
506 364
506 670
927 369
774 947
540 994
590 926
540 242
159 927
944 267
334 607
912 305
227 66
227 45
927 535
528 739
90 226
927 535
127 281
245 231
344 838
935 746
935 746
450 947
522 377
718 61
935 746
935 746
356 912
356 602
935 746
772 274
112 110
891 414
935 746
896 281
935 746
935 746
935 746
935 746
935 746
772 190
935 746
935 746
935 746
530 629
935 746
935 746
935 746
159 609
718 681
935 746
737 849
737 275
935 746
737 175
935 746
935 746
935 746
285 915
443 602
443 743
935 746
891 214
935 746
935 746
851 167
935 746
935 746
720 587
915 200
500 435
857 316
190 920
334 159
62 500
31 200
305 912
157 356
147 40
912 305
506 29
506 248
506 5
506 6
506 670
506 921
530 629
147 290
915 285
935 746
428 122
526 530
122 428
77 912
77 168
272 40
771 901
535 542
535 500
500 332
443 86
281 896
356 704
912 77
912 168
720 617
92 207
720 680
912 214
31 165
31 92
526 360
356 743
127 716
127 724
127 16
472 168
472 575
506 921
697 170
260 232
77 260
629 891
160 858
233 692
472 260
233 769
75 334
30 765
422 731
782 586
193 306
65 687
159 283
159 220
718 61
808 468
207 847
260 232
443 743
629 891
629 530
90 703
742 692
343 427
429 454
551 159
629 160
306 374
833 549
168 557
538 693
429 401
16 127
24 647
427 245
90 361
971 200
935 746
443 602
540 231
343 229
139 323
782 586
944 267
704 565
779 184
147 590
147 290
718 61
159 940
530 685
530 629
267 944
718 61
415 569
356 472
356 743
160 857
160 530
765 214
891 629
942 135
285 915
415 401
139 510
175 423
927 250
207 561
761 700
335 532
135 569
67 344
67 963
67 165
67 207
927 646
927 444
927 551
927 542
927 823
927 369
927 770
927 722
927 113
927 535
927 513
927 485
927 854
629 658
629 561
629 493
891 629
886 250
159 551
765 742
987 432
987 197
987 364
987 849
987 540
290 147
987 840
987 231
987 311
987 872
987 511
987 809
987 482
987 873
987 994
987 251
987 789
987 245
180 958
772 75
127 843
127 718
127 114
940 159
86 443
322 420
427 510
774 947
956 321
718 127
281 127
316 857
847 207
565 704
947 774
383 528
530 526
233 692
1001 724
1001 685
517 674
987 28
987 338
987 582
531 987
332 782
629 530
306 374
294 416
90 361
126 168
530 629
427 388
517 586
629 526
629 685
629 846
629 280
629 360
629 630
629 891
629 631
629 160
629 530
629 24
193 880
742 659
306 742
987 433
987 361
987 531
987 95
987 588
987 56
987 955
987 764
987 641
987 68
166 416
166 984
427 343
306 229
48 956
166 586
166 416
443 662
242 540
242 994
229 343
629 360
700 112
629 630
629 631
718 522
718 843
542 62
765 104
472 30
692 233
718 61
692 233
335 532
718 61
398 159
779 843
718 716
214 40
135 581
16 506
534 324
534 638
61 718
984 133
846 561
532 670
692 233
532 335
713 592
713 98
713 291
713 454
220 633
532 335
510 534
335 532
765 214
333 506
5 107
692 233
779 843
680 731
740 879
779 843
765 30
64 534
166 112
166 674
5 107
977 418
416 927
416 147
62 646
62 542
103 950
103 514
595 372
534 42
335 119
663 343
934 410
977 1001
1001 977
469 427
1001 977
534 591
630 530
333 743
630 629
630 530
977 1001
1001 977
977 1001
416 256
1001 977
891 629
416 313
369 542
256 416
416 256
32 851
32 502
32 915
32 280
32 731
321 565
32 718
32 920
428 200
629 24
199 270
530 32
629 891
977 1001
738 654
738 783
32 530
321 565
977 1004
575 472
685 643
193 338
306 629
327 381
112 674
427 697
335 107
765 30
629 561
910 591
135 942
166 112
214 343
629 306
429 454
214 343
167 274
427 469
648 765
338 427
135 581
912 168
910 692
984 586
164 322
164 420
164 879
164 548
164 368
532 335
532 516
126 356
415 769
910 329
586 984
160 891
335 532
984 586
643 685
427 596
402 42
586 256
112 166
984 586
764 994
977 1001
891 160
306 629
65 927
332 318
335 532
91 149
32 862
710 599
710 599
710 599
905 281
629 53
143 8
62 542
771 443
771 86
927 535
223 663
415 607
940 159
607 415
927 535
936 581
444 369
927 113
214 912
891 353
369 444
670 107
444 369
401 429
347 748
429 401
682 850
256 586
381 107
891 530
29 335
192 381
191 209
553 201
532 335
293 572
15 680
15 422
15 731
159 940
164 223
746 692
934 595
812 790
947 774
429 454
233 61
112 267
112 674
731 739
142 915
942 135
833 185
663 638
795 207
165 31
165 401
165 401
165 990
165 316
335 119
61 534
67 344
795 424
67 963
988 978
774 947
542 62
743 333
833 462
542 646
907 393
135 82
135 870
135 581
135 4
700 193
135 371
774 947
774 947
190 629
795 424
795 207
795 424
795 207
988 167
133 984
135 628
190 353
67 207
61 700
90 718
731 284
731 284
629 190
592 927
764 364
592 134
629 24
977 921
90 980
963 67
955 773
955 311
955 427
955 925
955 987
955 540
955 773
955 311
955 427
955 540
61 233
424 207
424 795
977 1001
977 423
977 1004
977 418
915 32
506 461
506 364
506 670
915 316
424 990
630 891
978 851
978 167
428 857
96 420
245 987
381 192
482 569
40 193
424 421
934 410
746 591
700 126
947 774
746 56
746 836
746 980
746 718
746 530
746 221
746 743
746 776
746 920
746 692
318 332
679 565
372 595
32 862
984 586
891 629
595 572
629 891
629 630
356 472
648 232
648 104
746 731
746 775
61 233
629 24
595 372
343 663
629 891
724 14
724 796
746 834
746 534
746 742
746 450
746 851
746 502
746 517
746 542
746 135
746 157
746 915
746 935
746 783
746 248
190 920
648 256
648 313
790 812
790 119
454 98
454 772
454 713
454 98
454 713
454 134
454 592
423 103
454 401
454 772
454 609
454 429
774 947
697 427
190 656
190 181
774 947
771 152
454 98
648 416
790 2
149 246
724 16
535 444
356 912
629 891
790 2
790 812
31 165
586 294
586 762
119 335
586 984
572 696
586 782
572 293
24 629
24 629
790 2
790 2
891 630
891 24
586 984
164 740
335 532
850 738
586 687
586 500
586 334
912 214
160 629
175 5
788 106
5 175
684 672
534 477
122 924
629 136
629 891
629 530
171 347
672 684
743 13
462 833
912 168
106 788
427 95
912 214
534 139
847 482
927 196
927 147
927 369
927 609
927 90
927 515
927 722
927 191
927 629
977 153
927 513
586 416
963 67
572 246
175 5
383 922
383 528
383 362
383 589
428 200
586 166
987 68
890 454
353 891
569 6
569 409
569 976
569 0
569 599
569 605
569 228
592 134
592 268
569 295
592 454
343 950
353 891
569 470
569 862
569 538
569 991
569 333
569 710
569 502
592 713
940 159
569 693
569 502
586 984
246 572
586 984
752 587
586 294
159 398
159 940
416 313
586 294
569 249
950 740
837 738
160 629
427 338
569 470
569 862
569 538
569 991
569 333
569 710
586 854
569 249
987 641
987 955
927 485
927 250
927 444
334 607
40 572
40 662
40 187
40 488
40 379
927 513
40 596
40 802
40 695
144 8
927 854
873 624
927 609
927 515
963 67
334 159
40 272
256 889
927 535
927 722
629 160
629 530
629 493
629 561
629 658
429 401
335 29
550 443
927 854
927 113
927 823
90 356
765 104
927 646
927 551
927 854
927 542
927 823
927 369
927 770
927 369
987 764
572 595
927 513
987 789
987 231
987 311
987 872
987 511
987 809
987 482
987 873
987 994
987 840
987 251
987 28
987 338
987 582
987 433
987 361
987 531
987 95
987 588
987 56
987 245
427 461
987 540
987 364
927 250
927 444
963 67
927 90
927 515
927 513
927 250
629 190
607 334
987 849
963 67
923 193
428 200
912 168
482 990
506 270
506 783
159 940
963 67
987 432
607 159
569 693
569 295
569 6
415 401
415 150
586 416
428 915
586 416
135 942
159 214
429 454
774 947
586 416
401 429
401 454
401 165
139 132
165 31
772 75
772 609
165 316
427 281
540 231
401 291
53 193
586 416
586 416
253 290
253 566
377 700
253 151
774 947
422 731
758 956
758 918
415 150
428 316
415 569
774 947
739 528
135 82
135 870
135 581
135 4
135 371
135 628
377 159
947 774
629 658
868 912
470 789
698 540
698 840
698 231
698 873
698 245
698 764
427 738
372 595
335 980
629 415
231 921
672 684
281 427
551 159
220 752
398 712
850 682
850 506
586 782
731 90
672 499
868 472
629 530
984 586
470 789
322 343
427 461
629 891
933 171
933 347
933 966
605 693
605 228
629 891
573 586
927 65
927 854
927 823
927 369
927 90
927 515
942 135
193 544
499 672
731 422
629 561
629 493
629 530
720 456
720 371
720 628
159 53
746 935
159 940
77 168
572 246
890 454
720 731
90 107
90 718
249 716
249 189
249 6
249 1004
978 988
978 421
978 795
978 547
90 980
978 851
720 4
720 870
569 409
569 976
569 0
569 599
569 605
569 228
740 950
592 134
592 927
720 170
592 98
423 710
423 832
423 184
629 891
942 135
912 214
774 947
720 12
720 82
592 454
978 469
978 188
978 614
157 590
189 214
890 454
614 141
774 947
188 978
301 547
832 710
947 774
788 634
638 951
629 24
629 685
629 846
629 280
629 360
629 630
629 891
629 631
629 160
629 526
166 674
401 165
401 454
978 301
978 954
978 817
978 167
978 141
978 552
978 424
978 35
978 207
401 415
401 429
401 291
401 454
401 165
327 381
90 718
947 774
951 638
401 415
401 429
401 291
629 891
423 377
2 416
765 104
590 171
135 337
746 935
135 292
135 703
482 569
165 75
703 135
165 65
493 629
165 67
165 915
165 200
190 630
530 542
428 165
1004 249
25 383
15 406
435 500
165 316
435 332
542 530
190 891
924 199
924 682
924 702
924 644
924 1001
924 173
924 14
377 866
502 159
542 136
190 656
190 274
190 891
630 377
190 656
190 274
190 891
190 274
53 724
190 656
193 550
924 506
782 790
401 415
401 454
428 302
718 65
718 716
963 67
569 0
416 168
732 127
193 997
401 291
272 662
542 62
542 485
716 866
971 200
35 167
500 782
383 25
62 485
377 630
500 790
854 775
401 429
401 268
401 165
854 356
854 124
500 435
771 83
543 428
537 236
90 920
854 743
401 415
510 534
334 776
65 718
643 685
500 435
500 586
500 515
500 356
500 332
275 613
854 586
377 275
377 716
274 631
790 782
472 356
769 901
769 229
769 993
769 329
769 443
769 86
769 231
260 168
769 863
769 772
769 659
769 120
769 951
769 873
769 95
769 692
769 306
769 83
769 771
769 152
260 77
157 65
168 472
168 356
168 868
168 912
790 782
790 2
168 557
891 629
712 398
260 912
712 714
219 448
219 448
105 774
631 561
942 135
157 718
157 591
782 790
790 782
219 448
106 337
769 835
769 159
955 773
955 427
955 925
955 987
790 700
712 714
789 605
697 540
697 311
500 782
697 925
190 656
190 274
190 891
987 531
165 31
165 428
165 401
165 857
942 135
697 855
769 400
955 987
955 311
135 942
716 428
716 851
716 915
716 167
716 980
716 718
716 122
853 337
955 925
774 769
716 876
716 249
716 365
716 158
2 77
716 249
716 1004
393 243
955 773
716 236
168 912
723 565
920 65
629 360
720 680
720 617
569 470
569 65
356 166
356 586
356 209
356 573
629 526
356 762
356 120
629 891
249 716
249 1004
356 500
356 515
629 891
629 530
147 157
356 772
401 415
643 685
106 788
569 693
569 295
569 6
569 409
569 976
569 0
569 599
569 605
569 228
702 327
65 165
879 69
879 735
415 416
319 499
416 586
106 780
575 77
650 686
844 704
702 921
569 249
401 165
65 569
415 569
383 362
383 362
602 126
415 612
383 362
687 692
553 107
356 912
274 167
356 168
685 724
685 1001
573 166
573 586
573 209
573 356
573 762
746 692
977 153
167 274
356 854
107 201
602 126
658 280
592 278
595 404
900 662
891 629
415 499
168 416
592 134
592 927
326 146
592 98
416 168
356 912
127 732
415 940
685 643
415 435
595 195
643 685
362 383
592 454
723 499
569 502
569 333
643 685
401 415
401 429
101 377
236 208
236 537
629 526
629 894
629 24
569 470
629 685
629 280
629 360
629 630
629 891
629 631
629 160
629 530
629 493
629 202
629 846
629 561
65 850
401 454
15 680
685 643
164 548
334 591
334 591
643 685
272 900
569 65
685 643
401 165
879 740
879 322
879 420
879 548
879 368
879 164
135 703
401 415
401 429
401 291
879 223
569 710
629 658
280 274
280 658
866 716
65 356
569 470
135 628
569 470
135 628
548 164
674 803
280 561
674 112
135 581
685 643
62 646
500 782
334 75
569 470
569 862
569 538
569 991
674 392
280 526
280 207
280 493
280 647
280 547
280 851
280 142
280 990
280 188
280 24
280 301
280 408
280 920
280 656
280 136
280 817
280 167
280 360
280 631
280 160
280 530
280 35
280 953
280 915
977 969
219 448
219 448
267 700
700 790
267 944
207 988
207 795
207 469
207 847
207 67
207 92
714 890
207 954
207 493
423 246
423 710
423 101
423 779
423 184
493 561
443 86
443 742
207 558
596 187
628 135
720 617
135 371
135 628
170 855
546 90
135 82
135 870
135 581
135 4
135 371
720 456
135 628
720 833
720 680
135 82
135 870
135 581
135 4
135 371
135 628
135 628
290 540
135 4
443 86
561 493
705 700
531 987
335 810
40 198
356 648
356 209
356 765
356 517
356 112
660 134
356 209
714 193
530 891
657 541
935 746
273 306
58 909
280 629
332 318
742 443
714 890
443 742
126 356
435 500
764 364
855 170
120 772
90 657
112 803
112 267
112 517
112 948
112 674
356 126
112 392
450 187
720 170
790 2
746 935
746 692
746 334
866 101
52 868
890 714
771 703
306 203
135 581
135 82
306 660
401 415
401 165
65 731
810 335
401 415
401 429
927 65
927 948
720 628
927 196
927 75
927 609
927 90
927 515
927 722
927 191
927 752
170 855
65 624
927 147
65 624
720 371
720 170
927 551
927 854
927 542
927 823
927 369
927 770
927 722
927 113
927 535
720 4
927 513
927 250
927 444
927 772
863 771
220 769
720 82
720 870
720 135
720 581
927 485
135 870
542 62
401 429
135 4
135 371
135 628
771 65
771 901
771 993
771 443
771 86
771 863
135 581
771 659
771 83
771 835
868 52
681 718
143 563
746 935
746 692
746 591
170 855
771 306
401 415
135 870
170 720
401 291
401 454
90 493
187 65
65 851
151 65
696 572
65 720
65 720
135 82
542 62
980 107
134 592
134 291
134 454
134 592
134 291
134 454
944 267
681 718
90 927
219 448
443 86
443 742
790 388
2 790
790 2
377 605
377 246
165 401
165 31
165 316
165 990
790 388
165 401
377 716
165 401
165 31
165 990
165 31
135 65
135 65
135 581
200 17
165 67
200 647
790 2
712 398
843 883
843 61
724 53
398 712
323 337
2 790
356 65
356 209
248 135
712 714
48 684
48 684
48 956
48 216
48 25
48 319
48 558
48 458
712 398
712 714
48 918
327 702
200 428
200 990
200 857
200 302
200 92
200 915
200 952
200 136
200 31
200 344
200 165
200 971
200 543
977 418
646 62
135 2
356 126
891 24
716 377
532 804
912 356
912 356
200 953
200 142
200 990
200 428
200 971
200 857
200 302
200 92
200 915
200 952
200 136
200 31
200 344
200 142
200 165
200 953
200 952
200 543
200 136
200 344
200 953
200 647
200 17
200 647
200 543
443 137
682 783
320 337
65 135
135 834
337 780
743 762
135 851
765 52
765 356
135 973
277 157
52 868
337 950
356 617
356 462
356 718
356 591
193 890
193 714
969 977
356 168
337 323
356 687
135 405
280 629
65 135
443 703
90 65
850 196
306 273
356 517
356 112
356 209
630 530
90 927
53 724
890 714
159 940
159 776
135 65
406 15
485 62
764 840
846 561
565 558
868 52
714 890
2 135
356 617
356 462
443 193
443 53
950 337
337 106
24 656
586 334
416 166
337 634
528 739
337 740
586 168
337 649
646 542
646 62
318 332
921 702
472 356
561 631
765 104
984 447
868 356
356 209
470 789
429 401
540 245
337 299
714 890
714 193
718 65
135 2
52 765
912 356
337 822
337 853
135 248
850 65
912 168
429 401
429 98
429 291
429 454
52 356
678 696
250 332
90 657
630 493
62 646
62 542
193 550
812 746
135 405
135 405
150 415
67 344
67 963
67 207
207 953
942 720
207 136
716 890
771 568
612 534
841 931
232 168
936 135
936 581
585 189
585 133
13 532
743 602
942 765
942 581
168 260
168 912
168 586
168 416
168 356
168 912
165 67
165 31
165 401
942 30
165 67
190 656
697 540
697 311
697 925
697 855
807 609
789 605
942 936
942 135
135 581
168 77
743 356
772 356
401 165
568 771
542 62
569 482
569 951
569 415
550 193
401 415
401 165
401 454
92 731
866 127
92 207
401 415
401 165
581 936
92 953
671 159
718 61
718 843
159 940
605 293
401 291
401 415
334 159
334 159
133 585
410 969
25 844
823 513
92 658
92 847
633 927
401 429
92 142
401 429
401 291
401 454
200 142
927 633
687 915
746 812
92 647
92 31
401 415
92 165
168 356
2 77
410 153
410 16
410 1001
410 482
410 969
410 924
410 994
410 251
410 433
410 837
410 175
410 122
61 383
586 573
586 762
586 868
586 573
629 526
629 894
629 24
410 777
629 685
410 650
416 147
103 1001
1001 724
1001 685
977 418
1001 103
1001 139
1001 828
758 499
758 844
410 541
956 499
607 696
103 1001
956 499
977 418
514 103
103 514
313 30
313 765
416 927
607 229
168 912
629 846
629 630
915 200
2 790
136 629
327 381
248 49
49 248
586 868
586 573
17 857
2 77
17 165
572 596
586 868
294 586
891 414
732 0
77 2
168 912
168 356
790 2
17 857
629 360
915 371
356 472
629 891
629 631
629 160
629 493
629 202
629 561
629 658
393 243
32 862
356 743
506 576
506 508
506 173
506 996
506 199
506 657
77 2
260 77
260 168
915 450
506 541
506 173
569 862
569 249
891 629
120 220
921 1004
534 65
491 5
188 141
662 443
662 214
207 953
120 569
120 36
569 482
921 605
120 190
850 752
720 942
541 16
569 482
260 912
260 168
120 865
718 866
978 207
978 424
921 249
605 693
120 107
738 761
891 687
978 988
978 421
978 795
978 547
978 35
978 851
978 188
978 614
978 301
978 954
978 817
978 957
978 167
978 141
978 552
978 469
891 530
220 890
220 120
147 214
147 159
40 90
147 214
147 159
147 214
147 159
324 343
569 235
40 90
40 159
147 159
147 214
147 159
40 214
120 127
278 569
40 566
720 569
720 220
147 214
220 772
40 415
40 633
220 471
220 90
120 743
550 534
159 865
220 471
40 193
952 200
220 91
324 69
40 53
120 850
173 13
569 890
569 120
569 196
569 214
569 90
569 752
569 159
963 67
569 710
891 629
605 693
542 646
920 630
866 718
416 313
98 268
98 707
98 117
98 107
98 429
534 550
147 277
165 316
98 134
98 268
98 592
98 707
98 278
98 117
98 449
98 107
165 31
98 429
738 783
978 547
569 78
569 409
569 599
569 605
383 61
428 915
401 415
401 429
401 291
978 188
401 454
401 98
971 267
16 541
401 415
401 429
401 291
401 454
534 65
953 207
401 165
605 293
98 291
98 713
984 586
921 724
48 499
482 569
569 862
569 482
569 951
569 415
569 599
569 482
569 605
840 540
65 534
157 147
120 769
157 147
157 147
157 147
157 147
267 586
763 528
98 454
569 482
921 796
401 165
65 569
139 780
139 132
139 323
139 510
630 920
921 541
769 692
569 482
920 630
401 291
401 454
921 881
858 851
158 716
158 716
921 14
569 482
62 159
401 415
506 541
692 687
321 499
978 301
978 954
978 817
978 957
978 167
978 141
978 552
978 424
978 35
978 614
978 207
101 246
934 404
135 581
671 159
135 82
135 870
135 581
135 4
135 371
987 361
135 628
978 188
978 851
944 267
977 153
977 1001
977 969
977 418
294 817
15 422
15 422
586 854
978 469
586 267
586 912
586 168
586 416
586 159
978 988
978 421
978 795
978 645
978 547
808 670
423 710
134 592
134 454
565 41
134 592
134 98
134 291
134 454
134 660
388 343
457 101
303 103
565 679
165 857
793 243
696 678
718 61
423 710
423 184
915 65
704 176
216 499
216 321
381 327
134 291
565 723
134 291
134 592
134 291
134 454
134 660
134 592
134 98
134 291
134 454
844 499
134 454
132 388
618 499
618 321
510 548
90 201
987 482
134 592
134 291
134 454
134 592
103 303
86 703
214 746
292 135
305 782
771 65
771 901
771 993
771 443
771 86
771 863
771 659
771 306
739 65
771 83
714 193
569 482
775 854
290 214
290 159
935 746
746 214
607 91
193 714
771 152
401 415
34 997
585 980
159 923
159 278
718 866
776 159
381 327
994 764
193 714
776 65
977 153
159 62
977 1001
977 418
977 189
388 534
866 718
98 268
98 117
98 107
482 569
159 776
977 969
563 422
401 165
377 457
280 530
764 364
65 739
388 534
401 415
401 165
171 277
65 776
86 703
292 135
859 305
915 687
915 591
987 849
714 890
497 977
866 708
658 530
563 143
90 924
280 915
761 738
184 883
401 454
890 714
118 335
401 415
401 429
401 291
401 454
401 165
230 214
746 935
401 165
638 388
335 107
630 493
316 915
859 305
859 305
335 118
401 415
401 429
401 291
679 499
790 500
184 423
444 551
900 742
324 591
551 444
214 230
90 865
900 214
915 17
915 647
915 428
334 609
915 142
915 200
915 971
915 857
915 302
915 92
915 952
915 136
915 31
915 344
915 990
915 165
324 638
356 912
253 290
356 912
356 602
356 168
356 472
356 743
573 166
573 586
573 209
356 168
573 356
977 153
107 65
404 595
900 61
334 324
915 450
428 857
850 752
542 535
573 762
253 566
915 543
915 316
718 843
324 832
335 532
900 692
406 527
290 214
290 159
356 472
505 853
718 61
658 143
669 580
176 704
62 542
103 514
935 746
724 1001
724 685
861 896
977 153
669 580
915 953
401 165
401 291
444 551
290 214
290 159
267 944
718 61
540 764
356 166
356 126
356 586
401 454
356 209
356 762
840 231
77 260
450 915
540 840
776 687
200 952
362 765
401 429
356 573
915 65
944 267
743 854
41 565
41 499
868 586
868 573
857 428
592 927
592 713
15 680
15 422
61 718
306 660
107 98
107 772
107 120
107 75
107 127
107 90
107 569
107 713
107 334
107 65
139 1001
423 710
933 926
34 997
569 482
586 868
586 573
710 423
428 857
185 586
334 915
586 185
223 853
334 687
267 944
435 997
569 951
569 415
377 528
569 482
267 944
101 457
62 159
586 185
915 334
558 499
450 754
857 17
857 428
857 371
500 435
324 591
977 1004
718 61
861 896
347 966
65 107
861 896
586 573
609 75
609 334
853 223
977 497
586 573
435 500
30 313
944 267
586 868
497 977
334 609
381 327
139 510
259 127
65 915
321 216
422 143
569 482
978 167
540 830
356 166
356 586
356 209
356 573
356 762
65 687
65 915
65 591
435 500
542 62
706 735
823 535
915 200
927 646
720 65
927 444
927 250
377 457
832 388
832 638
24 530
34 855
684 499
994 764
34 997
332 318
377 718
34 997
189 652
189 904
189 470
189 716
189 249
189 595
189 6
189 410
189 365
142 267
189 236
832 38
193 159
38 460
236 107
988 978
103 514
738 783
988 978
988 167
256 294
771 443
994 764
771 86
994 764
103 514
53 193
157 718
424 421
424 795
424 207
832 740
267 586
771 863
963 67
189 1004
189 201
963 67
912 168
761 327
795 421
795 424
795 207
38 832
157 718
450 718
334 607
963 67
450 595
833 462
832 38
569 693
746 591
189 718
834 65
277 157
582 764
650 682
189 718
135 942
267 854
189 114
165 67
32 432
32 19
32 249
32 170
32 843
32 977
32 365
256 294
32 236
32 380
32 418
32 381
32 777
125 323
692 233
581 170
135 628
135 607
32 0
450 568
963 67
290 595
530 629
454 401
454 772
454 120
454 609
454 429
942 135
933 748
933 277
167 988
933 171
933 157
933 347
933 590
933 147
933 577
933 715
933 308
127 718
214 746
933 926
718 127
416 256
500 332
40 254
40 712
40 802
40 695
236 32
52 416
718 724
718 377
165 141
416 927
327 275
136 838
420 96
420 96
133 602
253 566
926 157
926 715
136 838
253 290
136 838
963 67
122 428
103 514
424 795
424 207
638 324
424 421
424 795
424 207
891 629
846 561
629 891
424 421
629 530
951 324
846 280
499 684
435 500
629 493
629 561
514 103
963 67
720 75
599 710
103 950
629 891
790 812
103 303
718 157
855 170
457 377
543 428
514 103
590 157
628 334
103 514
846 561
758 918
629 530
1001 977
891 530
65 517
963 67
120 454
963 67
337 320
31 165
514 103
40 60
450 187
239 596
592 98
592 948
592 454
592 713
592 75
207 67
592 134
592 927
592 98
592 927
592 454
34 855
868 168
707 680
707 951
915 696
629 530
630 24
921 541
707 1003
592 713
707 98
592 268
592 713
541 657
915 428
850 541
568 495
568 379
602 209
731 92
592 927
592 98
592 134
326 65
592 268
592 98
592 454
592 713
657 541
592 134
592 927
592 98
592 454
592 134
122 428
707 633
707 951
731 422
731 15
915 772
915 687
530 493
447 984
646 823
628 720
629 890
731 680
921 541
921 14
921 796
921 724
921 249
921 506
921 1004
921 605
731 870
530 891
921 881
707 680
731 406
731 584
707 214
707 609
707 880
707 713
35 817
720 628
40 466
682 650
372 595
731 284
855 170
915 290
372 239
126 416
34 855
530 24
416 166
416 602
416 586
530 629
915 687
450 695
963 67
541 850
698 764
912 52
912 168
912 356
863 771
120 416
120 765
596 450
700 790
698 245
700 2
790 812
771 863
712 380
802 568
334 746
334 692
334 159
401 415
401 429
159 193
401 291
698 873
698 840
577 157
499 684
963 67
62 159
188 141
65 834
75 772
188 978
220 65
698 231
746 214
65 220
680 422
470 189
977 1001
159 595
978 851
327 761
761 327
698 540
963 67
48 684
401 454
713 107
963 67
646 551
646 854
646 369
646 62
646 513
646 485
607 243
499 65
493 630
499 684
638 509
272 900
166 232
963 67
596 187
470 789
854 267
65 499
65 997
65 569
401 165
684 499
963 67
713 291
713 454
499 684
713 592
713 107
713 291
713 454
791 32
630 493
541 921
428 915
713 107
713 291
713 454
997 65
569 470
569 65
485 646
65 997
187 450
713 592
40 272
40 596
40 488
823 513
530 493
170 581
170 720
692 233
692 233
789 470
789 470
921 506
90 280
859 743
239 372
353 190
270 945
192 29
75 772
267 988
592 454
62 485
62 485
231 624
62 485
977 1001
291 713
493 530
241 630
316 142
628 135
828 804
951 638
220 65
220 75
220 334
257 640
450 595
134 592
134 291
134 454
912 214
291 134
291 268
291 117
291 98
291 454
214 540
951 569
592 927
499 684
944 267
944 267
267 944
395 514
90 612
207 795
207 67
272 900
272 450
267 944
280 90
866 290
383 909
383 922
383 528
383 362
383 589
942 135
978 988
978 421
223 534
592 948
185 338
214 159
568 572
568 900
568 450
568 947
568 198
568 662
568 187
568 488
568 40
167 716
568 379
568 272
568 60
568 254
568 712
568 802
568 695
67 344
67 963
67 207
568 596
978 795
951 482
692 248
291 454
291 713
159 143
239 706
239 638
720 680
720 617
493 530
534 692
291 429
369 823
67 344
67 963
67 207
987 364
290 866
356 912
356 602
356 168
356 743
92 647
334 61
291 120
291 117
143 32
872 987
590 171
31 165
640 257
697 311
697 925
12 406
697 855
291 98
590 171
456 720
795 421
795 424
795 207
34 855
34 997
291 134
291 268
291 401
135 628
628 135
290 866
855 697
189 281
977 418
280 281
280 739
738 783
470 789
569 482
569 415
738 783
853 638
185 364
855 34
855 697
105 418
692 746
685 724
233 692
935 966
692 746
450 718
141 188
290 454
680 720
680 707
855 720
236 32
540 483
143 739
143 658
165 401
165 31
159 450
159 40
680 422
159 712
406 422
629 280
680 720
680 15
530 493
67 963
67 207
422 680
422 15
165 401
978 547
978 851
978 469
52 168
52 472
52 356
52 765
52 868
256 294
530 629
406 15
48 684
52 602
761 804
147 171
147 933
147 926
147 347
147 972
147 285
147 590
147 577
147 230
147 277
147 686
52 912
738 657
738 654
738 270
738 837
738 719
738 1001
738 745
738 979
738 850
738 924
738 702
738 783
738 13
738 437
738 761
738 653
738 506
738 996
738 199
738 644
738 921
738 173
738 131
147 308
267 586
454 401
454 98
454 772
454 120
454 609
454 429
454 291
454 713
52 168
454 592
718 724
292 942
214 595
40 572
40 900
40 947
40 568
40 198
40 662
40 187
718 293
147 27
454 134
170 855
602 133
607 250
629 530
718 61
718 61
987 185
267 586
456 832
456 97
415 190
718 450
268 291
32 236
290 214
290 159
850 75
267 854
96 420
15 406
951 769
268 117
738 682
738 532
738 923
629 530
629 493
629 202
629 561
629 658
281 280
685 724
685 1001
927 646
629 160
927 551
927 542
927 823
927 369
927 770
927 722
927 113
927 535
927 513
927 485
927 854
927 250
629 631
629 630
978 188
978 614
978 301
978 954
978 817
978 957
978 167
978 141
978 552
629 891
978 424
978 207
497 773
629 526
629 894
629 24
629 685
629 846
629 280
629 360
978 35
927 444
951 306
942 292
569 482
569 415
987 159
720 617
67 344
67 963
67 207
846 561
256 294
833 462
738 576
738 516
738 541
738 650
738 327
738 747
738 881
738 14
738 508
738 945
738 197
646 485
646 513
646 62
499 2
569 470
569 862
569 538
569 991
569 333
569 710
569 502
569 249
569 693
569 295
569 6
569 409
569 976
569 0
569 599
569 605
569 228
646 551
646 854
646 369
470 789
220 720
891 530
915 200
98 707
98 278
98 107
98 429
98 713
92 647
647 92
647 24
561 846
159 6
934 595
62 743
159 713
98 134
98 268
98 592
98 278
98 117
98 107
98 429
62 542
98 291
98 713
98 107
98 107
98 429
568 771
208 1004
193 550
866 101
910 329
910 692
910 591
98 429
416 356
98 707
98 278
98 117
98 107
98 429
98 713
685 630
98 707
98 278
987 872
98 707
98 454
191 209
98 429
98 291
98 454
98 713
187 65
118 14
548 164
170 855
98 134
98 107
98 268
98 707
98 278
98 117
98 107
98 429
98 291
98 454
98 713
855 697
98 592
86 443
98 117
98 707
98 134
98 268
98 592
98 707
98 278
98 117
98 107
98 291
98 454
98 278
98 713
52 472
98 707
98 107
98 429
147 196
934 595
98 134
98 268
98 592
935 746
977 1001
98 429
98 707
472 52
718 843
470 550
470 502
65 528
718 724
718 377
718 754
196 850
855 170
196 147
963 67
650 686
963 67
630 685
101 866
812 790
812 700
62 646
62 542
866 101
656 24
420 96
65 771
135 581
135 4
135 371
493 630
934 595
428 915
772 609
772 454
772 75
660 306
772 334
772 927
772 120
428 838
772 214
772 159
812 119
772 196
52 790
568 784
422 680
98 107
428 915
334 157
98 268
98 592
98 707
98 278
98 117
98 107
98 291
98 454
98 713
98 134
220 65
220 75
220 334
98 707
98 107
98 429
771 65
98 107
98 429
1004 208
220 749
638 324
98 429
98 707
159 772
65 243
220 364
746 966
52 356
246 724
52 472
443 86
810 107
98 107
65 910
771 65
534 890
208 652
15 680
771 568
987 531
208 652
963 67
24 629
987 231
135 870
98 707
98 707
940 633
868 912
868 168
868 356
220 769
686 650
231 873
207 469
870 82
485 854
633 920
851 65
170 855
67 344
67 165
855 170
101 866
630 493
53 193
171 147
977 969
126 232
14 118
53 633
987 245
987 28
987 338
987 582
987 433
987 361
987 531
987 95
987 588
630 469
987 56
987 764
987 641
987 68
987 231
731 65
416 586
735 534
624 65
977 32
987 955
987 251
429 454
746 935
927 770
927 722
927 113
927 535
927 513
927 485
927 250
927 444
927 646
927 369
927 551
927 542
927 823
927 369
927 770
927 722
927 113
927 535
927 513
927 485
927 854
143 159
927 823
927 854
65 187
890 776
65 151
927 646
927 551
927 854
927 542
927 823
927 369
927 542
927 770
927 113
927 535
927 513
927 485
927 250
927 444
306 771
927 646
927 551
927 722
98 107
987 994
987 482
472 743
857 838
541 921
718 377
500 515
696 915
771 863
765 104
456 936
863 771
456 4
456 371
456 97
383 909
383 362
851 978
303 1001
776 890
253 566
253 290
456 720
200 915
609 772
98 291
98 107
98 429
98 707
98 107
98 429
609 772
609 75
609 454
171 590
98 454
151 65
157 334
704 318
98 134
98 268
98 592
98 278
98 117
98 107
98 429
472 52
987 873
743 65
40 572
978 141
978 552
978 424
978 35
978 207
761 850
761 783
166 868
987 432
978 167
987 197
987 849
987 540
987 840
987 789
987 231
987 311
987 872
987 511
987 809
987 364
915 200
978 957
978 954
40 900
40 450
40 568
40 662
40 187
40 596
40 272
40 712
40 802
978 817
909 58
978 421
978 795
978 645
978 547
978 851
978 469
978 188
978 614
978 301
978 988
135 82
910 65
170 855
915 17
915 647
915 428
915 142
915 990
915 200
915 971
915 857
915 302
629 658
915 92
915 136
915 31
915 344
915 165
915 543
915 953
915 316
52 912
52 602
915 952
52 168
629 561
629 493
977 418
966 933
966 347
966 935
2 499
2 700
2 790
542 62
629 526
629 202
629 894
629 685
629 846
629 280
629 360
629 630
629 891
629 631
629 160
629 530
629 24
977 1004
52 472
52 868
135 922
697 311
697 925
31 165
991 654
991 858
991 61
41 723
67 963
52 868
67 207
31 165
31 165
31 165
31 165
855 34
855 540
62 646
170 855
189 652
31 165
52 356
52 765
52 472
61 2
197 607
629 24
629 891
629 530
2 61
260 232
629 530
629 891
52 356
548 164
52 602
52 168
52 472
52 356
52 765
52 868
52 912
52 602
52 168
52 912
189 904
977 1001
847 31
306 660
502 862
280 281
280 739
530 891
280 65
15 680
15 731
540 214
891 530
684 48
323 125
782 475
561 846
159 142
381 327
609 927
609 890
609 235
609 951
712 714
609 214
891 629
788 399
106 832
530 891
915 280
1004 921
103 950
103 514
103 303
103 832
718 157
788 460
470 789
921 1004
788 676
788 638
788 477
788 780
788 950
788 303
788 368
788 735
718 450
977 497
609 159
609 239
915 200
915 136
630 685
586 334
586 267
561 846
586 267
586 267
586 267
180 217
586 294
638 324
2 790
847 31
62 646
62 542
847 31
847 482
847 31
847 569
586 762
609 193
685 630
630 685
609 772
609 633
609 120
609 951
609 53
2 700
685 630
290 915
693 569
915 290
256 294
356 472
629 530
164 548
530 629
356 30
356 765
159 609
200 915
200 136
356 416
189 470
189 716
189 249
98 134
98 268
98 592
98 278
98 117
98 107
98 429
98 291
98 454
731 680
98 713
771 993
771 863
771 659
771 306
771 83
98 707
98 107
98 429
915 851
771 65
1004 716
98 429
98 707
771 863
771 659
771 306
771 83
98 707
98 107
98 429
98 707
98 107
98 107
802 187
915 281
915 739
915 687
915 280
855 34
855 697
855 540
855 720
660 306
624 836
771 993
1004 249
607 197
308 748
308 931
308 277
308 171
308 933
308 255
308 926
308 157
308 347
135 628
308 972
308 355
308 590
308 147
308 577
308 230
308 715
308 686
308 27
75 607
308 285
935 746
135 371
135 581
502 214
979 199
1004 716
1004 249
243 718
857 528
528 65
987 231
243 65
135 4
607 75
500 435
716 249
987 231
101 866
772 687
772 915
170 855
135 82
135 870
500 193
771 901
771 65
253 566
112 267
193 612
193 470
67 207
193 306
934 595
857 915
915 857
915 428
428 136
795 421
963 67
530 891
697 540
86 152
987 432
164 548
595 193
193 595
428 200
746 841
428 915
428 136
170 855
189 595
189 6
189 410
189 365
189 236
189 1004
189 718
189 201
189 114
855 170
239 372
873 231
963 67
963 67
746 248
249 921
686 650
686 184
290 915
170 855
855 170
428 136
857 838
863 65
98 268
98 592
98 707
98 278
98 117
98 107
98 429
98 291
98 454
98 134
98 713
933 277
152 86
838 857
812 790
347 277
58 909
253 290
184 883
184 779
58 577
435 500
716 1004
716 249
249 1004
863 82
184 686
1004 716
280 281
280 739
280 687
280 915
98 107
65 863
850 14
424 421
424 795
424 207
65 280
435 500
249 716
67 344
67 207
561 846
921 249
416 356
40 471
52 765
159 40
790 700
700 790
790 956
790 700
700 790
790 812
790 168
790 956
135 720
697 855
67 963
31 165
31 165
185 462
956 790
812 790
812 700
281 491
15 680
15 422
812 790
15 731
697 925
697 540
912 168
912 356
912 743
327 275
356 256
356 30
168 260
168 912
168 232
697 311
168 885
168 77
168 472
168 356
168 575
168 868
168 790
472 168
472 575
165 31
168 912
912 602
680 720
680 15
401 429
429 401
450 462
951 171
112 803
450 947
450 596
239 660
239 660
599 502
98 134
98 592
98 707
98 117
98 107
98 291
98 454
98 713
239 951
239 951
98 268
680 15
569 249
443 86
120 326
738 644
724 293
790 812
703 443
590 171
629 891
268 117
268 98
479 114
268 633
268 454
268 713
720 833
720 617
720 855
605 840
383 526
383 362
15 680
268 291
737 664
356 30
260 356
593 718
593 591
249 6
66 227
846 561
58 769
866 377
866 423
227 66
593 687
227 45
134 147
231 910
272 40
334 534
347 966
587 720
732 0
915 142
106 1001
542 485
106 828
593 724
30 356
765 214
397 975
397 671
782 435
782 586
61 840
534 510
322 343
599 502
77 104
324 534
227 66
227 45
171 951
30 166
30 648
30 126
30 602
30 168
30 472
324 591
356 256
502 569
443 86
915 316
168 356
168 912
168 356
168 868
168 912
736 540
912 168
168 232
356 868
356 30
168 260
168 356
168 868
630 167
732 118
168 912
260 912
260 77
260 168
168 77
534 591
356 168
915 142
443 703
443 86
326 120
24 891
742 90
541 738
891 24
502 599
738 541
915 200
423 977
977 423
977 1001
977 423
423 866
423 977
24 891
531 769
891 24
356 743
30 256
158 414
737 107
98 134
356 472
765 214
32 851
32 502
32 915
32 280
32 731
32 718
32 530
771 306
32 920
200 136
540 311
540 873
540 925
190 120
540 840
742 104
742 765
267 838
32 591
540 840
765 742
802 450
190 656
190 353
65 742
840 540
840 540
846 561
207 428
207 302
24 891
765 104
24 530
540 873
540 925
587 720
742 765
540 840
868 912
868 168
868 356
38 2
540 311
190 274
840 540
290 159
337 509
454 416
147 454
912 356
840 540
994 764
551 159
120 190
715 923
977 921
443 602
120 752
159 551
912 356
428 122
362 980
530 629
428 302
428 207
643 201
443 743
290 214
321 216
429 454
207 469
207 67
428 122
540 840
719 783
719 738
740 337
530 24
337 822
540 840
788 740
53 159
540 736
337 299
337 780
105 582
38 890
740 788
553 107
553 107
761 804
462 185
190 920
659 229
552 267
771 137
32 280
324 638
175 849
175 275
977 423
470 789
977 418
423 977
353 891
151 706
789 605
977 153
681 718
423 710
423 184
977 153
321 216
630 241
977 153
290 53
401 165
401 429
98 592
98 707
98 401
98 278
98 449
98 107
98 429
82 870
275 849
401 415
275 175
362 383
737 440
719 14
719 16
719 410
719 56
558 458
423 977
977 423
362 526
790 126
11 334
977 1004
891 353
630 415
540 840
175 849
428 122
353 891
891 353
90 742
849 175
849 175
353 891
977 32
153 977
90 742
52 126
423 977
742 90
742 65
90 107
90 381
561 846
984 586
742 90
11 334
738 516
738 881
738 783
738 761
423 977
568 450
294 817
450 40
977 418
540 840
977 418
977 423
90 104
90 523
90 742
454 147
454 147
587 720
334 11
151 278
684 704
290 305
633 230
629 658
629 846
629 280
629 360
629 630
629 891
629 631
629 160
629 530
629 493
629 685
629 561
629 587
920 160
61 718
569 470
569 862
569 538
569 991
569 333
569 710
629 658
569 502
629 24
135 581
292 769
98 707
98 401
98 107
772 75
855 692
429 98
66 45
416 454
629 526
722 267
337 135
569 482
569 415
977 153
742 993
253 151
253 566
253 290
542 157
61 718
98 429
569 249
569 295
771 137
663 303
137 771
236 537
227 66
227 45
952 344
160 530
855 581
337 505
628 135
963 67
95 769
718 61
718 591
454 416
104 765
602 111
718 61
450 40
771 137
569 693
337 870
423 175
569 6
569 409
569 976
569 0
569 599
569 605
569 228
731 8
275 5
48 558
891 24
275 149
977 921
977 418
509 337
135 405
718 591
718 61
306 214
377 246
629 890
718 61
98 107
98 401
629 360
742 993
742 863
742 306
569 767
369 77
120 416
659 306
214 578
977 153
120 772
40 196
530 629
1004 643
776 502
912 602
912 168
912 356
912 743
630 428
977 153
569 356
788 740
61 991
851 469
851 188
693 605
716 724
585 4
607 75
607 167
742 993
742 863
788 509
5 275
415 150
742 306
184 779
75 772
153 977
718 61
915 200
915 136
643 1004
857 838
98 278
429 454
629 24
75 772
290 214
290 159
56 987
377 61
233 835
788 634
150 415
377 457
377 423
377 457
881 257
272 835
569 991
569 6
629 587
24 891
377 630
569 32
98 707
249 6
629 526
0 732
428 630
629 685
629 846
629 280
629 360
629 630
629 891
629 631
629 160
629 530
356 586
629 493
629 658
765 30
77 912
90 201
32 569
993 742
788 634
120 326
175 670
629 561
416 868
693 538
147 171
978 614
978 301
978 954
978 817
978 957
978 167
978 141
978 552
978 424
978 188
978 35
743 704
743 356
840 61
840 540
840 318
840 32
840 605
707 1003
707 98
978 207
707 633
978 469
978 547
105 418
153 977
105 418
246 724
323 402
323 42
323 510
891 530
337 509
978 851
294 885
294 984
891 24
256 416
526 383
230 193
90 742
978 988
978 421
978 795
294 586
915 428
707 680
707 214
428 122
980 464
495 862
495 568
663 534
663 343
343 322
629 526
629 24
337 509
629 685
629 280
629 360
629 630
629 891
629 631
629 160
629 530
629 493
629 561
629 846
707 951
915 428
90 14
707 609
707 713
534 663
90 205
90 220
951 171
205 90
250 662
250 332
90 850
90 40
530 891
135 628
855 581
306 742
142 915
135 337
530 891
135 720
868 416
90 695
147 277
915 658
147 134
443 53
205 528
765 868
356 472
356 743
105 418
731 15
649 337
855 581
443 193
587 629
90 381
134 592
135 628
135 337
569 470
569 862
569 538
569 991
569 333
90 107
569 710
718 591
987 56
147 933
147 926
147 347
147 972
147 285
147 590
147 577
147 230
147 686
718 61
147 308
718 61
912 356
718 681
921 977
886 250
950 303
718 980
454 264
462 833
147 27
915 280
569 249
569 295
573 617
528 205
528 205
868 765
66 227
205 528
337 509
714 617
337 649
157 542
337 135
472 743
2 167
509 337
30 936
30 581
835 233
835 233
423 246
423 101
472 356
569 693
120 772
356 743
569 6
569 409
569 976
569 0
569 599
569 605
569 228
90 464
90 107
343 322
693 808
663 343
743 472
743 356
628 135
356 502
356 912
356 602
356 168
356 569
663 534
788 740
200 136
290 629
15 680
15 422
15 731
324 38
324 534
844 499
553 107
456 371
268 117
955 540
268 633
268 454
268 713
758 956
290 214
450 187
509 337
31 165
855 34
855 697
268 291
855 540
569 415
569 470
168 912
168 472
168 472
168 912
168 885
168 912
168 77
168 260
168 472
569 482
168 356
168 868
377 528
383 499
383 499
383 499
383 499
955 540
31 165
552 978
168 575
168 232
855 170
142 953
142 267
456 371
650 849
650 423
650 410
650 686
650 175
650 184
638 38
927 542
500 166
738 923
738 231
738 979
738 644
738 921
38 324
553 107
553 5
530 65
500 586
855 720
142 543
153 977
40 466
165 31
165 857
65 629
65 530
977 153
165 401
165 67
704 743
500 332
334 134
424 421
424 795
424 207
142 267
142 915
421 424
844 956
977 418
443 742
159 29
629 526
168 607
168 133
16 541
718 61
718 61
232 168
232 168
61 718
595 372
356 912
356 602
541 16
356 168
915 31
915 31
532 5
575 472
966 933
966 347
966 935
146 326
136 629
356 743
782 435
782 586
530 629
586 782
356 743
984 586
356 502
356 912
356 602
356 168
356 569
356 743
586 984
164 420
136 200
30 256
30 356
921 270
921 924
921 506
629 530
891 629
586 356
540 955
168 557
168 912
472 356
575 472
168 912
168 602
168 356
472 575
168 232
472 575
168 912
168 77
267 586
168 260
168 472
168 575
168 912
66 227
168 885
168 557
168 912
168 232
168 52
168 356
168 472
586 984
586 168
586 356
891 353
532 670
891 629
891 629
586 447
586 984
586 447
586 984
586 984
586 447
853 638
828 132
586 447
586 984
586 984
586 447
586 984
586 984
586 447
586 984
718 61
629 24
629 846
693 159
256 294
90 850
90 702
569 356
918 499
321 499
896 724
256 294
915 607
347 933
200 915
333 767
915 687
196 850
196 873
196 429
699 294
609 65
609 923
543 142
609 278
530 65
444 535
978 421
978 795
978 547
978 469
978 188
978 614
978 301
978 954
978 957
530 629
978 167
978 424
978 35
978 207
870 405
324 534
743 704
693 159
977 153
24 530
978 552
978 988
609 687
337 634
470 693
470 693
586 447
586 984
450 272
731 15
663 343
868 168
586 984
75 569
586 984
586 267
450 398
956 844
500 435
377 423
377 101
377 866
377 422
953 142
586 984
609 617
586 161
586 165
294 699
40 607
12 680
12 422
12 731
844 956
704 318
200 915
977 644
586 160
435 500
324 638
586 541
586 58
586 479
586 947
586 948
586 310
586 120
586 264
746 692
629 685
5 532
91 415
585 377
444 535
629 891
609 592
609 890
609 235
609 1003
609 633
609 120
585 502
609 196
609 90
609 291
609 454
609 159
742 306
987 540
956 844
963 67
788 740
609 214
643 685
585 371
280 526
629 280
629 360
629 630
629 891
629 631
629 160
629 530
629 493
629 561
956 844
629 658
134 334
530 267
164 740
164 223
164 322
164 420
164 879
164 548
164 368
530 65
193 923
963 67
743 356
936 456
936 97
607 612
607 534
607 851
607 502
607 388
607 978
607 915
912 77
607 127
607 569
607 718
607 629
607 530
607 920
607 591
963 67
951 159
534 607
607 280
15 731
272 450
643 685
344 543
344 543
334 607
923 715
718 866
977 1001
977 423
977 1004
685 643
77 168
90 112
65 530
500 332
542 157
167 188
915 200
193 48
470 6
547 647
547 647
769 91
356 472
977 153
164 368
629 631
629 160
629 530
629 493
629 561
629 658
662 443
48 193
48 684
629 891
746 692
416 573
680 284
416 772
168 356
334 607
90 107
629 136
416 454
416 53
416 120
840 540
629 630
629 280
700 280
700 280
700 280
700 280
700 280
700 280
700 280
700 280
540 955
629 360
214 40
416 305
214 765
700 790
305 765
322 591
629 526
629 24
629 685
629 846
214 765
700 280
416 305
193 305
629 891
506 1001
568 379
416 65
956 48
956 216
956 558
558 207
703 771
790 2
290 214
540 697
540 311
540 925
540 855
540 955
540 698
423 977
435 782
379 272
540 736
649 337
761 783
542 646
963 67
90 29
90 107
963 67
698 540
698 840
698 231
698 873
698 245
761 516
698 764
229 568
692 746
607 61
532 335
86 443
978 547
978 35
891 629
542 646
542 62
112 662
700 280
700 280
700 280
700 280
112 280
978 988
978 421
978 795
978 547
978 851
978 469
607 334
978 188
978 301
978 954
978 817
978 957
978 167
978 141
978 552
978 424
978 35
978 614
978 207
700 280
126 356
136 200
863 742
290 614
700 112
977 423
540 840
477 534
477 139
477 206
700 280
477 154
477 322
477 102
477 939
477 524
477 174
477 510
477 324
137 771
700 280
477 125
700 280
978 512
978 552
322 853
322 310
322 663
322 853
322 310
322 663
171 951
921 977
700 280
850 607
700 280
700 280
90 205
90 220
62 542
322 223
700 280
205 90
700 280
700 280
700 280
290 53
700 280
322 310
11 617
306 771
443 765
256 30
53 209
256 30
955 540
443 662
700 280
322 663
424 795
439 77
700 280
963 67
77 439
104 30
963 67
700 280
700 280
322 853
879 164
472 575
208 1004
605 5
738 657
738 702
592 927
592 98
592 454
428 857
731 584
731 284
731 680
738 921
731 422
977 497
977 153
977 1001
977 423
977 1004
977 418
977 921
586 356
684 356
731 15
586 157
738 644
738 996
738 923
738 532
738 682
738 131
738 654
738 270
738 837
738 719
738 1001
738 199
738 745
738 850
738 924
738 783
738 173
738 13
738 437
738 761
738 653
738 506
738 979
738 508
553 5
324 388
977 153
285 171
540 736
153 977
356 168
447 586
447 984
447 868
447 573
952 200
2 790
280 526
977 153
356 586
164 740
164 223
164 322
164 420
164 879
164 548
977 153
324 534
538 502
189 718
324 591
338 633
388 638
540 987
738 654
152 86
152 86
977 153
540 955
31 915
505 337
586 687
586 334
851 547
482 364
482 531
482 56
586 447
416 927
337 649
977 153
738 14
738 881
738 747
812 790
812 700
133 602
84 324
120 772
700 465
700 2
700 119
575 168
2 38
575 472
167 469
90 692
90 334
499 383
214 290
569 502
956 790
575 168
575 472
746 692
586 687
469 978
65 416
322 534
920 274
16 541
720 731
272 379
168 984
16 333
322 752
586 65
454 120
592 819
977 32
742 863
291 98
369 535
977 1001
977 1004
977 418
137 771
977 423
120 566
586 334
790 2
586 185
338 692
444 535
5 553
497 281
333 16
428 136
428 122
66 45
274 920
592 713
353 891
168 90
168 557
168 356
738 576
738 197
738 516
738 541
738 650
738 327
168 912
592 454
592 98
592 927
327 381
566 772
782 448
984 447
977 418
951 388
977 418
168 868
592 134
592 927
592 98
592 454
724 896
718 708
718 189
401 415
401 429
401 454
401 165
592 134
592 268
716 1004
851 167
428 857
569 605
843 607
790 700
61 991
330 0
966 933
966 347
966 935
443 742
2 700
843 907
575 472
344 165
135 581
135 531
663 303
771 65
34 692
65 415
65 415
720 415
344 67
294 166
843 127
629 159
415 40
415 569
415 940
415 546
415 683
415 987
415 720
415 865
415 257
843 407
415 334
166 586
790 516
790 881
423 377
17 857
746 935
746 692
679 844
61 181
166 294
415 607
294 586
542 157
356 912
401 415
568 379
803 459
977 497
977 153
977 1001
977 969
977 1004
401 454
977 418
1004 114
585 4
98 134
98 268
98 707
98 117
98 107
98 429
98 713
1004 716
65 771
401 291
459 803
356 542
771 65
415 401
415 569
454 927
356 684
810 231
459 267
459 112
401 429
459 674
459 517
77 2
569 482
841 330
356 912
459 517
459 267
459 112
459 674
459 803
940 415
415 416
415 75
423 977
107 808
629 530
927 592
927 890
927 193
927 239
927 235
927 98
643 381
927 633
927 951
927 90
927 191
927 454
927 53
927 752
927 713
927 159
927 257
927 120
568 450
423 103
160 530
485 62
840 764
40 499
40 927
628 135
927 65
322 548
249 226
126 356
977 423
920 630
994 764
500 435
126 602
423 977
599 239
249 359
249 6
249 409
658 530
994 582
415 127
977 423
718 157
738 923
630 415
77 2
30 313
32 862
415 630
630 415
149 716
765 762
415 630
356 256
780 139
423 103
181 61
181 189
415 612
415 65
415 401
415 997
415 147
356 30
716 609
765 942
765 936
313 885
682 650
682 783
630 920
885 90
638 322
638 548
630 415
423 710
738 923
718 716
765 313
1004 977
260 575
191 927
103 423
952 200
530 658
765 581
530 160
765 30
540 830
650 682
294 817
281 971
682 650
186 325
186 528
186 783
186 173
186 975
186 671
67 963
746 692
602 126
629 526
629 894
629 24
629 685
629 846
629 280
629 360
629 630
629 891
415 499
629 631
220 334
220 749
443 742
443 703
963 67
15 680
15 731
502 599
857 428
857 915
629 772
220 75
629 120
61 687
147 415
220 629
377 423
629 493
629 561
256 30
256 356
220 65
629 196
443 86
629 160
629 493
926 308
90 416
223 90
143 32
335 107
166 883
883 166
457 377
585 306
936 765
835 900
260 126
987 231
850 120
812 790
585 695
850 65
585 114
936 34
936 697
674 459
629 530
936 30
196 401
629 202
629 561
629 658
561 846
443 137
443 742
443 703
812 790
173 541
90 885
173 506
595 452
41 956
61 687
65 746
65 692
24 136
402 324
196 401
196 401
290 40
207 92
103 423
267 944
514 832
319 423
723 753
693 502
693 569
220 65
220 196
758 753
530 629
319 229
530 891
485 692
101 149
569 693
127 843
934 595
58 120
90 924
208 652
469 630
127 687
944 267
58 909
1004 189
940 65
592 65
322 534
720 65
159 190
159 920
940 196
191 415
482 569
530 248
65 196
609 65
114 1004
609 716
832 514
1004 114
15 731
319 736
101 246
101 423
609 196
77 575
127 65
127 415
443 662
423 103
86 443
189 1004
472 168
472 232
356 912
537 208
537 236
493 685
165 683
630 469
702 842
294 817
165 344
581 30
414 891
842 702
683 165
684 356
581 765
38 324
428 408
997 134
167 469
423 319
58 577
127 471
165 92
242 769
75 196
165 257
127 546
997 415
90 612
924 90
997 65
423 977
415 127
500 586
248 530
909 58
423 977
842 702
90 223
548 638
548 322
977 1001
280 35
280 658
469 207
469 207
377 422
629 891
743 704
280 915
280 658
280 424
977 1001
977 1004
977 418
743 120
592 134
592 927
592 98
592 454
469 630
802 662
977 969
90 201
280 160
280 817
622 125
622 510
662 450
662 40
662 802
532 812
207 92
32 143
622 125
280 167
497 977
280 526
280 547
280 142
280 990
280 469
280 24
280 408
280 656
280 954
775 692
622 510
977 423
592 98
157 542
147 927
15 680
743 602
654 783
654 738
712 380
592 134
592 98
609 499
592 713
629 894
629 24
629 685
629 846
629 280
629 360
629 630
629 891
629 631
629 526
628 135
278 591
322 534
592 454
103 1001
103 423
232 168
592 134
592 927
592 98
592 454
335 532
149 275
586 267
280 526
530 658
586 984
159 147
147 499
220 927
535 369
586 294
626 873
207 67
629 160
622 125
680 720
506 364
506 252
506 248
506 692
193 40
534 550
142 647
142 428
142 990
75 772
142 200
142 408
142 857
142 302
142 92
142 915
142 952
142 136
142 31
142 344
142 971
142 165
193 443
540 697
697 540
40 290
569 228
422 377
506 576
506 173
506 996
506 199
506 10
540 764
506 657
569 482
569 415
704 743
997 692
535 542
772 75
90 502
90 569
1004 921
506 541
680 15
142 953
605 921
569 482
569 415
622 125
267 662
278 499
622 676
622 125
622 510
630 920
275 149
746 935
528 763
275 5
135 936
422 377
532 783
11 619
11 662
680 12
680 707
746 692
53 40
687 891
343 324
530 891
542 157
69 324
890 716
890 235
136 207
189 585
716 158
164 638
377 422
609 239
506 6
184 393
612 388
927 542
526 160
220 499
160 530
275 5
862 569
609 159
629 530
629 493
629 202
855 540
324 676
443 742
159 629
30 942
107 127
322 509
106 402
322 788
127 107
532 516
685 643
720 680
720 617
569 599
612 740
280 526
280 274
280 647
280 547
532 13
280 851
324 125
98 454
334 127
866 718
612 927
977 1004
612 633
223 638
114 609
720 833
720 697
98 713
720 4
720 855
720 456
98 134
98 268
98 592
98 707
98 117
98 107
98 291
720 617
65 927
280 142
280 188
322 139
189 609
322 64
322 399
840 764
75 127
322 46
987 338
322 622
553 107
75 127
680 15
313 294
313 416
104 765
120 416
924 199
868 765
435 500
450 568
322 125
280 990
553 107
553 107
280 24
280 301
280 408
280 656
280 915
280 136
280 817
280 167
280 360
553 107
280 631
280 530
280 35
280 953
280 493
280 920
280 207
280 561
280 658
553 107
280 160
482 569
532 270
612 324
160 629
160 631
160 530
160 561
160 658
248 90
127 569
812 532
324 38
160 630
248 364
248 530
248 550
324 460
660 134
997 772
997 120
62 646
62 485
997 75
248 157
997 334
160 360
160 846
629 561
629 658
855 540
602 743
542 157
921 605
921 1004
324 612
139 477
160 280
324 706
90 248
90 841
127 120
164 548
160 526
160 24
160 858
160 87
160 685
324 1
609 927
609 707
609 772
500 435
771 784
771 137
662 450
53 997
643 685
868 586
868 573
327 381
75 927
868 586
638 223
540 855
135 292
720 927
720 499
116 159
116 159
120 499
532 270
135 628
569 482
324 638
127 334
609 120
609 951
609 214
997 90
609 5
997 890
997 235
997 193
997 633
997 53
324 402
609 716
609 189
609 569
609 866
609 114
157 248
912 356
127 75
609 454
294 586
936 855
936 456
844 679
936 371
356 168
356 743
586 984
356 586
586 356
105 616
808 29
61 450
66 227
987 789
246 423
246 101
344 200
686 650
686 184
356 602
105 418
356 912
393 883
168 77
790 168
790 2
790 2
790 2
684 135
657 541
657 541
66 45
308 673
292 769
450 695
586 435
586 416
586 267
586 356
429 401
1002 319
531 135
772 75
444 535
482 569
482 569
65 586
469 421
469 795
469 547
469 188
469 954
469 817
469 167
469 424
469 35
469 207
670 532
772 75
854 61
772 927
377 605
160 920
62 646
844 956
158 775
236 537
229 319
168 790
771 742
803 112
92 915
90 107
90 201
630 241
772 609
630 377
502 538
469 241
66 45
790 2
718 61
77 556
127 687
416 120
416 586
416 573
586 267
586 267
586 984
630 656
586 65
586 166
586 416
586 573
586 762
24 136
586 447
17 915
458 558
5 491
5 275
5 609
136 629
136 24
684 565
640 389
97 456
97 936
260 126
815 217
458 48
458 216
458 25
458 319
458 321
891 629
136 24
984 586
168 912
168 356
168 912
168 912
168 912
168 762
324 638
180 215
180 215
168 912
168 77
168 260
77 168
396 761
742 771
168 45
168 66
168 912
66 168
643 381
29 808
324 534
324 591
66 168
5 553
5 670
180 215
789 605
168 66
168 45
66 168
771 742
605 789
168 66
168 45
643 685
644 1001
547 301
65 542
592 863
592 98
644 738
185 586
790 700
65 193
952 838
65 90
415 372
447 586
214 765
846 561
951 338
605 700
214 40
592 927
290 214
592 134
372 415
987 531
844 684
963 67
742 993
742 863
502 569
630 167
742 993
742 863
951 581
272 900
592 134
592 98
65 742
592 863
585 909
290 159
915 142
514 395
569 991
569 333
569 710
569 502
569 249
569 693
569 295
569 78
569 6
569 409
569 339
936 97
569 599
569 0
569 976
569 538
569 862
569 470
605 693
763 214
772 75
444 722
857 838
65 742
65 742
306 784
788 634
275 5
440 737
306 659
569 978
569 127
569 40
569 107
569 629
956 790
58 338
685 1001
758 918
988 656
951 369
275 149
951 595
167 630
167 2
73 499
927 592
680 720
500 586
927 65
927 592
334 326
772 75
502 569
680 720
772 927
647 658
607 167
542 65
416 120
450 900
450 662
450 272
450 802
547 301
833 462
658 647
658 142
658 92
450 742
833 720
65 338
502 569
294 817
772 120
772 609
772 454
984 586
135 326
499 684
500 193
135 922
372 595
674 112
724 246
915 142
105 364
193 500
633 193
633 193
5 275
758 956
220 214
772 769
142 658
167 607
927 646
927 551
927 854
927 542
927 823
927 369
927 770
685 724
927 722
927 535
927 513
927 485
927 250
927 444
927 62
772 107
927 113
565 684
531 987
126 416
595 915
595 318
231 607
231 2
62 646
62 927
62 214
62 159
62 394
915 17
493 561
469 141
595 790
851 135
851 915
761 866
2 77
2 231
493 629
493 561
443 86
443 662
561 493
915 595
595 700
167 188
450 695
450 272
96 132
96 509
96 634
96 832
428 630
581 951
260 126
313 30
313 765
306 742
334 248
855 936
126 356
306 585
832 423
493 630
306 374
493 630
685 493
581 292
17 915
61 718
450 900
450 568
450 662
915 851
915 716
739 24
595 214
214 220
214 334
61 718
685 493
134 863
2 700
134 997
245 836
423 832
356 416
356 762
126 260
944 267
638 324
356 126
595 450
595 71
147 214
630 428
629 526
629 894
629 24
629 685
629 846
629 280
214 844
96 299
214 738
214 865
595 159
851 141
915 716
595 404
910 231
159 214
139 402
638 951
493 685
139 780
900 272
101 246
214 940
214 544
214 629
214 987
214 720
214 530
214 684
214 371
214 835
214 743
214 776
214 920
214 852
214 324
96 638
96 388
220 607
607 231
607 499
381 643
313 294
742 901
742 229
742 993
742 443
742 86
742 863
742 771
742 659
742 692
742 306
742 769
742 83
742 152
742 835
742 400
607 231
607 499
607 167
377 457
147 607
176 887
924 410
692 65
924 14
173 541
952 200
936 720
698 540
698 840
698 231
698 873
698 245
698 764
971 281
530 629
530 891
863 134
863 592
863 597
267 944
542 157
280 526
595 550
585 421
607 843
120 326
135 607
135 812
135 700
142 831
695 585
629 360
142 188
147 629
120 58
61 687
61 718
61 591
569 482
248 75
248 591
248 334
581 585
147 65
120 629
362 201
294 586
126 260
120 607
835 742
24 739
24 143
24 280
506 996
506 199
506 644
720 936
720 607
720 629
630 493
692 746
700 790
746 920
14 924
746 834
746 534
746 450
746 248
746 851
746 502
746 517
746 542
746 135
746 157
746 915
746 783
746 775
746 742
746 731
746 692
746 56
746 836
746 980
746 718
746 530
746 221
746 743
746 776
147 196
629 630
607 167
629 631
135 870
135 581
135 4
135 371
135 628
135 82
628 135
135 82
135 870
135 4
135 371
135 628
135 746
135 337
915 857
135 628
135 581
135 214
126 790
126 447
915 302
915 92
915 952
915 136
915 31
915 344
915 165
915 543
915 953
561 846
2 61
168 912
168 260
327 381
915 92
761 804
292 581
629 891
581 337
915 971
356 61
883 393
915 739
886 250
250 886
883 407
447 586
883 320
656 630
915 17
915 647
915 428
915 142
915 990
915 200
416 586
595 951
915 200
915 61
629 160
629 530
629 493
629 202
595 239
629 658
595 90
629 561
2 700
997 196
280 851
280 915
280 530
280 920
