469 167
256 356
61 522
418 996
256 104
418 977
256 109
418 153
469 274
256 332
338 987
256 313
491 5
868 52
228 178
414 891
540 231
61 718
61 718
977 1004
333 178
90 472
450 122
648 104
716 149
866 716
214 912
428 511
90 946
428 224
24 891
428 806
428 915
428 806
190 614
633 546
746 668
746 935
428 224
746 692
746 813
61 716
429 454
429 415
429 401
429 98
746 720
428 915
161 214
428 17
38 324
491 249
24 280
214 161
772 178
978 851
527 710
150 752
685 643
499 91
987 531
120 997
5 491
602 133
415 334
178 528
514 780
987 796
178 228
532 13
532 516
605 178
306 784
514 378
514 950
849 987
301 630
90 40
90 572
15 680
659 306
231 245
987 796
605 178
987 698
987 433
987 582
987 361
987 338
491 5
987 28
977 514
987 531
987 56
987 480
987 955
987 764
987 641
987 68
987 95
664 537
664 810
664 737
915 428
415 995
929 333
514 977
245 231
870 527
122 450
948 425
990 31
31 990
31 165
458 216
514 977
104 648
977 514
73 41
648 104
951 954
664 192
664 468
664 985
664 289
664 440
664 335
423 779
664 643
553 670
514 977
428 915
334 75
142 165
977 514
664 381
934 595
324 38
720 935
974 721
322 299
910 329
334 270
280 142
90 702
90 850
984 974
595 71
458 90
458 216
428 915
528 830
531 987
104 984
104 648
104 294
919 376
919 1000
919 376
919 601
321 216
997 120
249 929
976 130
595 71
950 70
435 586
718 120
109 256
425 65
264 245
919 1000
527 720
868 52
891 414
890 720
703 528
528 731
987 245
668 746
214 662
28 681
935 720
42 649
154 534
120 718
214 32
178 710
702 90
458 216
301 280
428 316
819 329
819 329
229 443
280 301
720 527
868 52
605 178
731 284
731 15
602 133
77 168
901 742
38 70
731 584
913 799
334 415
334 214
142 428
142 915
720 633
190 353
190 181
190 656
190 486
190 373
190 274
147 686
147 715
147 577
147 590
147 355
147 285
147 972
147 347
720 813
530 141
5 491
946 425
450 802
61 883
67 963
61 843
450 947
147 748
147 277
147 171
147 933
147 926
61 754
67 846
67 344
67 391
987 433
987 361
987 531
987 95
987 56
987 480
987 582
987 955
987 641
987 68
987 698
216 321
987 796
987 338
987 764
720 668
987 338
987 245
67 165
67 207
987 849
987 540
987 840
987 789
987 28
987 231
987 872
987 809
987 482
987 873
987 994
987 251
987 311
987 251
977 153
987 873
851 978
150 833
851 978
470 789
641 482
963 67
441 304
441 4
441 860
441 848
428 224
527 870
542 823
428 915
502 178
69 879
435 782
335 688
857 838
915 428
321 48
70 663
995 749
915 428
165 142
915 428
67 190
69 879
69 735
528 38
428 142
190 274
153 977
15 584
808 899
687 120
4 441
428 915
1003 707
273 951
678 696
605 178
990 428
718 716
454 629
811 415
272 40
865 120
377 101
377 246
67 207
67 165
595 71
120 660
73 216
963 67
595 71
624 231
915 428
624 329
605 178
516 700
67 963
67 846
67 344
67 391
624 245
335 107
416 168
69 735
952 200
915 224
915 200
915 428
216 321
200 344
200 806
200 316
200 543
200 136
200 952
200 971
912 168
912 77
178 228
178 605
178 6
362 974
362 444
362 188
540 231
56 987
703 633
450 947
257 120
178 862
178 538
178 333
178 502
178 249
178 693
178 470
987 540
924 14
216 618
178 502
224 316
428 915
61 718
377 866
338 231
428 915
541 738
153 977
153 418
984 586
568 595
316 953
383 42
153 996
67 846
428 857
738 541
316 224
806 200
663 322
987 994
987 56
541 783
428 990
541 738
107 192
418 538
646 369
646 513
749 609
738 783
538 418
67 207
744 472
744 232
14 506
14 173
178 528
402 106
15 584
915 428
14 173
214 267
90 458
90 499
90 216
178 502
995 334
915 857
214 32
585 35
469 167
425 946
643 685
383 362
112 1000
541 738
362 383
14 996
977 514
977 832
995 299
618 216
178 502
630 484
915 428
977 780
14 199
301 630
472 168
514 780
514 977
514 378
605 178
630 301
987 849
605 178
987 540
987 789
987 231
987 311
987 872
987 809
987 482
987 840
784 155
987 849
542 518
472 177
784 660
316 428
744 168
724 65
75 772
228 178
190 614
514 950
514 378
663 343
990 482
484 630
228 178
514 780
987 994
784 300
891 414
450 572
321 216
429 454
429 415
429 401
978 35
978 141
978 167
978 817
978 954
978 614
978 188
978 469
978 547
915 142
915 428
528 542
744 946
67 846
67 344
67 391
67 207
868 120
450 947
915 428
758 723
758 918
758 503
758 41
782 435
602 425
758 956
450 568
450 187
450 802
280 561
190 274
190 373
190 486
190 656
190 181
280 953
190 353
90 987
90 68
720 746
920 181
920 274
920 656
738 541
995 397
280 631
280 32
450 695
643 670
795 421
795 424
795 207
178 228
280 360
338 231
280 526
280 647
280 547
280 142
280 188
280 24
595 71
718 281
540 245
718 716
772 454
772 609
772 75
772 120
585 957
915 200
915 428
935 233
106 950
280 658
280 207
280 656
280 142
585 937
585 957
585 957
654 783
915 142
935 233
24 31
915 200
24 31
933 277
772 334
857 17
333 19
915 739
915 341
915 200
952 915
654 738
469 207
915 806
278 214
472 232
713 98
178 502
764 528
724 293
915 316
178 214
29 808
362 392
109 730
233 53
233 692
233 746
929 249
540 231
353 391
353 190
630 301
472 946
630 685
278 151
772 75
767 333
450 947
472 744
458 956
772 75
772 609
772 454
772 334
278 239
278 951
772 120
915 952
915 200
168 30
233 935
142 915
846 67
846 288
846 67
846 288
229 421
629 530
428 962
142 136
142 857
846 67
846 288
899 808
56 987
56 91
846 67
48 458
48 41
41 723
949 966
605 693
605 470
233 746
646 62
846 67
935 668
935 720
387 957
746 813
846 288
846 288
233 692
233 53
806 647
428 857
5 491
540 231
497 773
306 784
857 142
289 810
497 773
165 401
165 31
630 484
650 682
980 248
151 278
484 630
713 98
469 978
846 67
472 949
2 700
2 812
846 288
846 67
332 782
948 250
332 250
749 569
749 191
749 178
749 220
980 670
846 288
749 607
713 98
540 329
540 245
416 168
30 949
199 506
17 428
17 857
17 915
17 316
24 31
949 966
949 472
949 168
808 899
912 214
200 136
949 912
949 912
404 372
758 503
758 41
851 547
851 547
710 527
813 720
500 814
314 693
530 629
216 73
541 719
790 30
541 719
491 249
530 915
500 435
808 29
500 814
232 946
586 435
966 949
586 435
746 813
746 668
139 534
746 935
746 813
105 233
790 266
663 70
862 99
862 547
746 720
758 918
806 647
232 472
500 814
949 30
168 416
883 907
883 843
883 184
232 946
266 790
806 428
806 200
806 915
806 952
764 994
232 744
168 260
48 558
758 723
886 250
915 806
915 952
915 200
915 428
915 806
915 952
915 200
915 428
372 934
372 169
372 149
372 404
332 435
915 806
915 952
915 200
915 428
540 264
178 502
245 264
332 347
830 528
233 835
502 178
233 835
425 416
813 746
31 24
915 530
915 316
668 746
966 949
502 178
540 245
713 98
267 517
52 868
98 713
577 147
66 782
643 685
719 541
974 984
713 566
260 168
851 547
851 547
31 165
31 990
1004 423
758 956
915 530
915 120
790 2
719 541
976 99
537 236
332 500
915 428
915 160
915 316
491 497
52 868
915 200
915 923
915 772
915 857
915 316
718 732
48 319
48 723
978 851
978 547
949 30
731 422
316 53
551 799
551 895
933 355
538 418
75 229
518 854
334 229
75 229
538 418
891 414
491 5
891 629
949 30
738 837
738 783
738 13
738 828
738 541
978 469
738 719
629 454
518 542
518 535
540 840
718 189
334 75
738 745
629 454
978 188
978 954
435 586
316 915
316 428
256 109
850 199
280 629
414 891
316 915
935 720
253 566
253 290
540 231
334 890
334 962
322 663
819 329
374 864
978 817
978 167
978 141
978 35
541 738
846 67
978 614
891 414
534 70
418 538
891 414
410 977
142 280
854 518
518 444
899 808
243 718
863 199
874 873
874 231
874 840
874 540
189 718
278 13
377 718
517 478
517 751
517 267
517 648
663 310
663 343
918 25
718 114
718 122
718 777
718 724
718 522
718 189
718 16
718 595
718 883
874 245
718 377
718 32
718 843
718 243
718 754
718 293
718 866
718 969
874 764
784 528
418 538
178 976
178 0
178 569
178 599
178 605
178 228
178 339
685 643
454 629
249 491
863 901
863 740
863 157
863 783
418 538
540 231
178 767
178 6
178 470
178 862
178 538
178 991
178 314
178 333
178 409
178 710
178 502
178 249
178 693
178 929
178 295
178 78
178 99
418 178
680 731
280 629
534 510
168 744
410 189
647 806
502 214
425 602
978 35
978 614
978 188
868 52
13 516
147 157
528 703
425 765
948 425
948 313
948 416
157 147
147 926
334 75
143 739
738 541
313 256
949 912
418 178
454 772
454 120
890 880
52 868
966 949
540 231
168 416
949 168
724 883
724 718
245 231
52 232
214 502
935 746
935 692
24 31
245 540
646 542
418 996
150 191
535 113
48 956
48 1000
48 216
646 62
559 50
810 289
946 232
1000 112
650 682
703 528
67 963
67 846
67 344
428 915
67 391
67 207
915 142
915 428
415 844
233 692
70 950
67 165
48 25
663 322
147 157
178 418
949 966
949 472
949 168
765 948
178 418
680 284
602 133
245 231
602 133
808 899
977 1004
150 444
1004 977
196 278
628 75
314 599
40 572
40 900
40 947
40 568
40 198
40 662
765 948
40 187
40 272
40 60
40 254
40 712
40 802
40 695
40 488
718 16
401 98
401 415
178 418
540 231
16 718
281 718
147 590
16 718
306 742
454 1003
418 178
294 790
720 527
147 577
52 948
52 425
147 277
935 668
850 962
429 454
401 429
401 454
401 165
444 150
765 425
870 371
866 718
774 91
843 711
765 948
418 178
429 401
429 98
429 415
935 746
251 528
418 538
428 224
629 280
290 566
926 715
926 336
955 819
851 978
851 65
470 789
987 796
987 698
987 68
987 641
987 764
987 955
987 480
987 56
987 95
987 311
987 872
987 809
987 482
987 873
987 994
851 280
987 251
987 28
987 338
987 582
987 433
987 361
987 531
987 245
987 231
846 288
782 586
697 293
697 855
697 873
435 573
724 718
963 67
458 216
67 207
67 391
983 65
120 687
421 424
168 912
926 715
926 336
692 749
168 521
332 126
332 586
528 189
846 280
517 112
443 229
846 67
699 521
142 280
641 540
750 75
890 502
846 280
216 458
846 484
987 789
987 840
987 540
866 718
159 768
136 915
602 133
629 530
528 915
946 313
987 245
280 851
987 796
987 698
987 68
987 641
987 764
987 955
987 480
987 56
987 872
987 809
987 482
987 873
987 994
987 251
458 216
987 245
987 338
987 582
987 433
987 361
987 531
987 95
987 28
803 112
75 772
926 336
214 629
214 530
403 114
30 790
629 891
926 336
915 142
926 715
935 813
629 530
420 879
316 349
641 540
987 849
948 250
978 207
595 71
915 136
926 715
866 718
855 697
855 170
915 920
142 915
106 88
946 425
245 994
915 428
915 142
915 857
915 952
915 136
946 305
987 311
978 988
978 795
66 782
178 470
782 45
952 136
952 915
952 857
952 142
952 428
423 101
423 246
978 35
978 141
978 167
978 817
978 954
978 614
978 188
159 178
159 316
159 865
159 324
159 220
423 849
423 849
423 977
246 423
246 101
704 743
38 324
978 547
978 469
423 832
159 946
423 977
629 891
977 153
977 514
136 915
136 857
912 949
912 168
104 425
767 333
334 995
915 428
573 435
220 65
246 101
246 423
334 75
912 425
390 784
435 586
915 953
514 780
514 950
514 378
902 280
423 175
949 912
764 364
764 582
764 994
784 300
784 155
784 390
949 168
159 720
159 987
159 963
464 502
926 715
926 336
926 336
605 178
605 178
605 178
173 428
697 83
178 470
851 978
200 952
929 314
995 334
168 949
168 912
978 512
978 547
978 851
978 469
978 188
978 614
978 301
994 540
978 954
978 957
978 167
978 141
978 552
978 424
978 35
978 817
994 245
994 433
994 56
159 435
159 499
159 978
159 850
159 147
159 127
159 70
159 557
159 40
159 107
159 569
159 940
159 544
159 629
159 190
978 421
159 997
159 927
178 502
24 160
246 423
246 101
178 772
58 909
159 65
926 336
528 32
403 977
435 65
602 133
926 336
926 715
926 715
987 231
987 789
987 840
952 142
113 518
685 629
799 895
799 518
799 551
317 304
414 891
443 229
765 30
685 643
52 868
24 782
168 949
168 472
190 614
168 648
995 250
214 190
245 329
187 696
90 948
90 868
166 112
304 317
891 414
873 540
819 749
53 443
995 334
765 528
746 813
429 454
120 772
214 190
765 30
746 935
857 136
776 278
629 530
776 278
428 349
369 535
441 317
190 214
190 614
280 846
67 207
67 846
67 963
428 316
178 538
614 190
107 65
178 470
178 862
178 333
178 502
190 656
178 249
178 6
178 605
178 228
190 274
30 765
187 662
178 693
316 351
851 978
114 718
890 90
890 90
696 963
890 582
995 891
939 951
16 718
381 532
685 643
120 752
120 198
107 393
107 808
107 381
107 643
107 201
107 980
107 810
478 517
107 464
107 553
107 118
107 5
629 685
107 468
107 985
107 664
107 236
107 670
107 1004
107 335
107 898
890 90
890 90
599 710
502 915
173 506
165 401
293 718
978 988
530 586
120 189
530 629
752 120
749 819
752 120
987 415
849 987
843 718
987 809
458 216
738 850
98 713
502 214
648 765
281 718
190 214
190 274
190 373
290 53
190 486
190 181
190 353
576 541
531 994
595 718
281 718
190 656
458 321
317 374
42 951
915 428
895 485
306 784
187 40
915 136
915 857
912 260
157 586
53 178
550 160
428 173
428 349
428 31
178 951
383 42
912 77
67 207
484 630
951 178
749 819
112 392
112 803
112 267
915 200
112 517
112 751
674 112
915 185
67 846
67 344
67 391
112 674
90 245
245 987
278 776
454 401
454 1003
454 429
5 107
736 231
435 500
374 784
948 250
671 696
994 987
160 550
772 178
987 849
987 540
582 764
582 890
165 316
165 67
751 112
844 918
425 946
207 954
207 35
207 469
165 31
207 558
207 424
207 795
207 424
280 978
165 401
165 990
207 795
977 780
915 136
915 142
214 367
883 718
873 692
414 891
317 374
656 190
857 316
136 316
912 949
912 168
24 280
388 90
88 106
88 906
891 414
374 317
912 949
530 629
530 629
987 849
410 189
874 540
874 840
630 200
874 231
874 245
874 764
154 106
912 168
78 130
912 168
874 873
963 67
915 428
136 857
106 919
106 601
913 369
913 518
853 343
189 718
530 891
189 120
915 136
629 24
913 369
772 75
532 381
948 250
915 857
915 857
266 949
266 77
136 915
232 946
662 187
630 484
912 168
946 232
266 168
912 168
367 160
189 410
189 718
30 648
266 260
266 439
114 403
977 950
977 1004
288 610
260 168
987 796
987 698
987 68
987 641
987 764
987 955
987 480
987 56
987 95
987 531
987 361
987 433
987 582
987 338
987 28
987 245
168 260
418 538
987 849
987 540
987 840
987 789
439 266
987 231
987 872
987 809
987 482
987 873
987 994
987 251
987 311
260 168
439 168
168 260
813 746
813 746
813 214
925 840
190 353
190 181
190 656
190 486
190 373
190 274
190 656
190 274
165 316
165 31
165 401
697 83
697 293
178 862
168 439
925 873
925 697
178 0
178 333
439 521
178 333
697 540
697 311
697 771
697 873
697 925
697 855
952 316
168 912
168 260
168 521
891 530
912 177
912 260
912 77
912 266
912 439
912 521
891 530
267 214
266 177
266 260
266 77
266 439
266 521
266 912
77 912
267 392
840 540
840 311
840 170
840 32
840 338
840 925
912 77
840 56
840 318
891 414
912 521
267 214
891 414
267 112
840 955
891 75
912 77
912 168
746 668
168 126
746 665
746 668
746 900
746 550
165 316
746 923
746 935
746 692
746 813
746 813
168 439
168 266
746 687
873 697
165 401
77 912
630 851
66 782
912 77
532 516
862 99
912 168
77 168
912 77
2 231
2 891
77 912
77 168
685 643
644 199
866 377
165 31
168 177
168 177
806 428
428 316
428 915
65 220
528 72
497 977
189 491
416 168
540 987
528 72
528 765
750 391
750 445
738 783
738 654
994 987
962 890
416 948
416 147
416 946
416 425
90 944
178 0
806 200
530 891
207 165
200 428
200 915
528 189
321 216
531 482
75 891
663 70
65 205
669 32
857 530
502 464
428 915
915 450
383 42
464 502
857 160
77 912
168 416
915 428
912 168
912 77
428 915
428 200
77 168
416 435
857 915
857 883
67 963
67 846
67 344
67 391
67 207
311 840
857 951
428 915
344 165
819 955
738 783
738 541
516 532
383 720
344 373
840 61
782 45
782 66
987 56
684 946
684 318
168 232
168 472
806 952
806 915
806 200
806 428
806 647
618 216
987 338
544 669
544 8
544 143
544 739
120 868
168 868
397 995
178 91
844 319
314 929
948 250
343 299
948 52
948 120
948 416
948 313
948 425
441 304
952 806
948 854
435 586
987 540
120 53
316 857
316 302
316 888
316 92
316 915
316 952
316 224
316 136
316 351
316 344
316 165
316 543
316 953
735 962
316 31
633 193
316 971
316 990
844 1000
518 854
749 464
749 502
0 178
14 924
316 200
854 518
800 62
316 349
316 17
316 647
316 428
316 142
518 854
428 915
899 808
891 414
949 912
42 383
90 220
90 763
90 944
61 718
700 2
90 220
90 763
485 895
891 75
90 381
90 107
855 697
605 178
605 178
920 851
746 935
288 610
288 484
288 391
288 629
168 699
949 168
618 216
24 31
189 528
450 915
450 136
78 976
61 718
857 915
435 573
851 65
573 435
153 764
153 588
153 855
153 692
153 746
153 245
153 482
153 581
153 135
153 329
153 540
75 334
75 231
450 187
450 947
428 173
428 990
450 415
90 107
249 502
624 231
624 329
624 245
784 390
450 595
106 402
106 634
106 788
472 356
83 697
912 744
977 1004
104 425
782 126
288 629
424 421
40 802
40 712
40 187
605 178
293 568
293 697
718 502
718 61
915 746
288 629
288 846
288 484
288 610
744 912
568 187
915 136
288 484
288 846
288 629
995 397
264 329
776 278
424 795
288 610
288 846
288 629
764 245
61 718
915 530
509 706
288 484
424 207
288 846
699 168
381 192
425 104
749 995
684 25
423 849
40 272
974 586
40 572
40 712
40 802
288 846
288 629
294 435
288 846
40 662
153 995
586 294
288 846
749 995
663 22
790 868
435 294
288 610
288 484
288 629
288 391
160 528
586 332
5 29
849 423
288 610
288 484
288 629
428 915
280 629
763 90
500 425
500 425
500 425
439 521
439 168
439 266
586 435
439 521
949 912
532 192
629 454
52 232
232 425
586 984
912 949
912 168
425 232
886 250
349 428
52 868
912 168
912 949
232 425
500 425
425 232
17 857
577 336
577 926
577 715
891 2
232 425
99 862
200 428
200 915
318 946
912 214
266 168
500 814
643 685
500 166
840 540
912 949
840 245
912 521
912 439
912 266
912 77
912 260
912 177
840 764
586 974
912 77
2 790
318 684
200 971
595 306
168 790
168 266
266 790
2 700
266 168
944 90
886 250
136 142
136 857
166 109
232 472
595 568
891 995
716 718
912 949
530 915
31 165
31 990
31 165
31 990
746 935
891 24
472 521
900 272
484 630
428 857
951 13
280 24
634 106
535 518
618 216
90 763
868 790
502 464
502 749
280 846
949 912
949 168
648 30
534 649
1004 724
16 754
909 58
1004 724
629 891
934 595
534 870
724 883
899 5
1004 320
1004 724
746 214
746 935
746 692
746 813
746 692
32 214
231 2
630 484
531 214
52 232
216 618
823 518
232 425
746 935
425 232
724 1004
1004 724
934 595
1004 977
899 808
899 808
530 214
349 316
32 791
899 808
32 528
530 629
602 133
320 1004
530 629
724 1004
813 746
685 643
514 977
590 147
456 4
233 692
233 935
285 577
720 746
514 977
720 746
528 147
528 590
605 178
38 939
746 935
429 454
24 629
586 782
383 586
934 595
948 416
948 313
948 946
948 425
948 250
979 512
456 304
790 700
790 266
929 403
912 425
912 168
214 742
586 782
790 119
605 333
456 832
784 390
995 334
866 101
866 423
866 724
866 716
866 149
866 876
866 377
416 425
168 912
184 710
629 24
739 143
987 338
987 789
165 858
584 15
75 772
720 833
720 935
720 527
356 425
90 718
456 371
782 586
832 299
987 796
692 233
31 24
746 935
746 720
105 233
214 518
214 62
55 595
707 880
585 954
915 136
915 952
915 857
915 971
915 200
915 142
915 428
915 647
48 844
580 791
84 70
232 946
407 843
1004 189
214 662
693 178
528 724
425 356
758 723
758 503
758 41
528 853
333 178
78 929
362 383
732 365
528 281
275 175
175 275
912 425
165 31
746 935
165 401
746 935
746 935
746 720
746 935
65 120
147 528
746 668
586 294
912 214
306 790
647 142
742 900
207 445
782 586
586 782
429 98
782 45
207 408
585 141
565 723
565 41
41 723
41 723
41 723
782 66
499 844
586 310
784 901
207 990
647 142
659 306
207 428
784 742
362 383
429 415
987 361
990 207
990 424
356 168
356 765
356 472
356 30
356 912
684 48
618 216
607 229
114 275
90 742
249 178
605 178
946 30
90 107
90 118
224 316
696 454
952 200
31 990
264 329
264 245
925 697
977 514
66 782
120 660
38 939
435 166
316 224
483 586
356 332
356 425
925 311
168 912
332 586
514 977
317 374
470 178
383 586
742 90
232 946
586 332
586 294
586 483
586 383
586 332
275 114
688 335
586 762
75 772
977 832
374 105
963 67
200 971
891 997
53 274
454 696
718 506
321 216
374 317
633 53
294 332
506 718
977 514
977 780
362 484
912 425
586 483
586 607
332 923
332 425
332 356
332 472
806 857
669 143
669 580
586 782
514 977
857 17
316 351
752 191
624 231
528 16
947 187
977 514
280 629
528 30
105 233
65 687
528 922
912 425
105 56
332 517
200 952
746 720
746 813
264 329
264 245
782 435
586 383
746 935
332 687
332 948
332 617
184 710
15 422
161 901
356 256
178 710
868 948
435 416
425 52
48 565
48 558
383 586
946 30
586 435
586 782
48 956
429 454
142 647
514 977
899 808
987 955
890 923
142 647
356 112
700 790
231 624
290 214
700 790
700 2
647 142
513 139
167 851
977 514
290 367
538 178
175 275
175 849
857 142
450 947
107 335
470 789
629 24
962 890
267 112
813 746
813 935
790 948
813 746
629 750
935 746
935 813
935 668
935 746
104 74
416 168
956 458
469 167
439 912
439 266
439 425
962 890
948 120
402 634
402 788
48 704
454 401
454 429
935 720
948 416
782 586
585 695
435 782
977 153
977 514
601 399
601 399
900 568
695 585
935 746
977 1004
977 153
977 403
585 954
73 577
933 577
585 695
107 335
695 585
502 595
585 167
335 107
551 895
551 799
585 35
585 35
383 499
585 547
782 332
483 423
483 468
782 66
782 45
585 957
782 472
420 879
499 383
874 764
40 568
40 272
750 629
168 416
948 743
948 946
948 416
948 790
948 803
260 168
355 577
485 62
260 168
168 260
224 428
207 373
207 795
74 166
74 984
644 738
260 168
260 232
260 77
40 662
659 306
165 401
165 67
165 31
165 316
855 581
855 581
105 233
40 187
168 260
428 224
630 200
502 78
833 415
142 915
987 962
333 767
502 418
956 458
935 720
874 540
874 840
874 231
874 873
874 245
758 41
977 780
758 41
758 918
952 428
502 78
120 772
956 758
428 806
428 952
758 503
214 72
956 758
65 220
502 528
758 956
758 73
758 723
502 178
977 950
977 1004
977 832
178 862
178 470
528 377
184 214
685 643
472 946
746 720
746 935
746 720
746 935
187 947
335 107
551 799
551 895
175 275
643 685
742 90
356 425
167 988
844 499
946 948
724 1004
444 542
178 538
444 518
147 528
454 401
454 429
270 334
742 367
929 977
444 535
178 333
178 502
178 249
878 502
317 374
500 435
540 955
275 849
275 175
685 643
500 332
142 136
542 444
912 168
912 472
540 955
912 168
142 857
997 120
334 270
334 229
178 693
178 6
178 605
178 228
332 168
643 685
334 75
229 356
332 782
779 843
685 643
90 853
403 0
643 685
710 178
310 586
16 19
377 101
990 207
288 629
288 846
288 484
288 610
288 629
288 846
288 484
288 610
228 90
758 844
758 499
214 367
214 518
214 62
78 502
788 634
832 649
832 780
832 950
832 514
832 42
948 356
254 187
324 415
429 415
429 98
429 415
429 454
232 260
788 634
334 214
147 577
558 216
294 586
790 306
120 926
528 499
392 674
395 943
674 392
935 668
120 997
946 416
356 229
356 765
356 52
356 765
356 52
120 865
367 742
618 41
618 723
294 782
294 332
214 850
310 586
120 542
450 662
618 503
450 272
90 692
946 416
951 214
614 851
454 696
618 73
90 749
74 104
428 915
200 136
356 602
356 948
356 52
356 765
356 30
356 912
688 670
264 231
739 528
949 168
949 912
746 813
688 670
586 157
586 500
318 840
586 984
314 178
314 178
314 178
72 528
540 338
415 836
356 425
528 572
723 499
540 338
540 338
458 499
915 953
743 425
723 565
178 61
356 868
415 223
439 521
439 168
439 266
915 428
891 997
224 806
61 178
356 313
356 472
356 730
356 112
356 313
356 472
356 730
356 90
125 622
456 832
415 542
415 670
415 334
415 450
415 248
415 851
458 216
415 517
415 783
415 742
415 836
415 89
415 591
29 808
415 157
685 643
528 72
685 643
629 160
629 891
629 630
629 360
629 685
629 24
629 526
528 166
450 415
629 658
629 561
629 493
629 750
629 530
629 160
629 631
629 891
976 502
266 790
851 528
245 231
586 294
629 526
738 433
629 484
629 24
629 685
629 846
629 280
629 360
629 630
629 288
952 915
510 534
915 200
1000 48
1000 499
1000 684
662 450
662 443
458 499
506 29
450 662
915 806
662 450
662 443
518 535
995 334
900 742
915 428
178 415
806 915
891 530
915 923
915 857
915 160
915 530
595 71
558 499
499 458
499 558
25 844
528 739
643 685
332 782
891 629
995 334
25 918
915 806
915 136
915 316
126 782
126 586
52 201
14 702
761 396
439 521
439 168
439 168
685 643
685 643
414 891
168 439
493 629
643 685
840 955
840 56
840 925
643 685
168 260
685 643
306 659
891 414
746 935
168 439
840 540
840 61
840 540
840 311
840 170
840 32
840 338
840 540
643 685
126 790
403 114
107 537
790 126
790 126
324 367
168 946
168 472
168 521
912 425
912 472
178 862
260 168
168 260
685 643
168 744
168 521
168 984
168 885
949 912
949 168
168 266
643 685
347 912
347 472
439 168
168 912
168 260
168 912
168 472
168 575
168 912
168 586
168 260
532 516
260 266
266 260
168 356
168 472
168 30
168 912
772 915
516 532
516 532
502 749
418 705
418 977
77 168
643 685
532 516
532 516
532 516
423 483
266 790
790 266
806 224
891 414
416 435
891 75
266 790
168 765
605 178
266 790
105 233
535 518
136 142
136 857
790 266
157 586
575 966
168 912
168 949
949 168
266 168
266 168
439 266
439 168
439 521
439 521
168 439
168 521
949 472
439 168
260 168
260 168
260 266
168 266
586 126
439 168
586 157
418 538
335 119
685 643
628 870
168 356
439 521
439 266
168 439
168 521
168 260
685 643
260 168
260 168
381 532
168 266
586 294
746 935
915 806
367 776
367 316
367 743
367 178
367 835
367 371
367 684
367 530
367 946
367 720
367 987
367 963
367 629
367 544
367 940
367 692
367 731
374 659
30 743
374 105
30 946
819 338
901 742
367 920
768 534
120 274
335 688
782 126
374 659
367 107
367 569
30 946
528 280
367 852
367 324
367 940
367 692
367 731
367 569
367 107
952 224
850 783
425 946
425 232
425 104
425 790
256 356
509 388
317 374
278 454
542 646
812 119
367 738
367 844
367 220
367 334
120 540
274 120
367 865
782 126
782 586
120 866
119 812
374 400
374 400
954 207
782 435
236 107
502 976
688 335
294 885
90 670
90 107
885 294
586 310
178 0
224 316
224 165
224 806
224 31
224 136
224 952
224 915
224 857
224 200
224 990
224 142
200 302
977 514
977 153
977 780
977 950
977 1004
558 618
977 832
90 742
189 1004
742 90
901 784
671 550
224 428
710 178
885 294
70 84
956 499
915 200
915 224
915 857
915 952
915 136
915 31
915 990
915 806
915 316
535 2
199 541
120 534
120 70
581 855
915 165
367 544
915 142
313 521
0 403
528 920
949 168
425 521
752 948
752 699
915 428
399 139
399 323
399 46
362 925
335 688
429 401
105 374
399 132
367 629
367 963
367 987
605 228
605 693
502 878
718 61
415 617
506 783
506 850
506 14
415 687
806 915
790 266
266 790
718 61
784 390
75 191
2 535
899 29
743 30
425 790
104 425
790 425
915 952
425 104
723 41
191 75
374 400
732 522
718 61
617 415
444 542
915 160
107 1004
415 223
415 542
415 670
245 231
528 851
388 70
984 586
245 231
692 746
912 77
692 233
692 624
888 428
687 415
915 428
915 200
915 952
692 775
425 104
789 470
952 915
415 334
415 450
415 248
415 851
415 517
415 157
951 273
415 783
415 718
415 591
952 915
273 951
558 499
857 17
415 742
200 952
915 806
915 200
790 425
403 0
806 952
806 915
806 200
806 428
332 250
531 214
531 923
952 200
963 67
78 178
669 32
367 334
367 220
367 844
367 738
367 720
367 946
367 530
367 684
367 371
367 835
61 718
367 178
367 316
367 776
367 920
367 852
367 865
367 324
367 743
522 732
425 790
702 14
784 901
425 104
120 572
120 24
120 189
948 356
790 425
458 216
2 790
780 514
718 90
104 425
513 977
915 428
514 780
915 952
280 301
803 517
851 469
851 188
851 167
851 141
851 35
321 499
915 428
506 850
484 362
104 425
454 401
454 429
428 915
107 528
173 506
74 294
685 643
862 710
926 715
926 336
335 643
233 53
233 692
233 935
107 201
643 335
429 454
429 415
429 98
429 401
643 335
90 542
738 541
749 191
935 700
178 772
178 862
191 749
334 214
126 168
883 1004
883 907
915 428
1004 883
322 65
742 214
626 703
980 468
891 997
891 414
643 685
883 843
65 322
782 66
500 332
902 301
178 0
854 518
90 70
90 388
414 891
168 30
915 428
648 517
759 166
136 200
688 898
214 813
528 769
719 541
738 541
862 178
444 150
112 1000
178 862
178 99
883 184
401 165
428 915
65 120
78 688
214 841
214 367
214 367
136 200
738 719
540 955
517 546
772 178
377 101
377 423
377 246
53 290
53 316
273 951
929 599
249 491
106 950
915 428
990 424
273 951
987 540
214 742
880 4
90 944
341 200
341 915
629 997
629 891
915 17
915 857
163 62
812 687
1001 506
622 676
622 125
622 634
738 541
611 506
1001 14
429 454
275 175
546 517
188 978
96 346
96 388
96 299
96 132
96 509
379 568
96 634
96 832
542 535
334 534
126 332
546 150
418 996
96 376
782 45
418 996
541 738
789 470
173 506
977 153
517 112
173 14
173 506
680 422
173 996
284 680
284 680
1004 883
950 106
284 680
334 772
173 199
341 739
854 518
559 50
912 77
912 266
912 439
912 472
168 521
168 699
168 949
168 177
168 77
168 266
168 439
168 912
601 676
177 521
692 233
177 699
177 949
544 8
912 168
912 177
912 232
912 946
383 586
912 168
946 425
528 178
177 912
177 439
177 266
177 77
177 168
718 377
48 499
912 177
912 699
506 199
506 996
506 541
506 644
506 199
506 996
506 541
977 1004
977 153
168 868
806 428
528 789
418 996
25 499
214 245
214 464
469 978
232 52
912 521
692 775
425 367
912 439
912 266
912 949
912 425
946 232
720 633
724 883
724 718
250 332
40 90
527 720
912 472
90 40
90 572
120 687
499 25
499 918
435 762
703 784
499 48
414 891
685 643
153 977
499 565
912 168
540 245
767 333
178 693
559 50
891 24
789 470
67 963
67 846
67 344
67 391
67 165
67 207
90 634
784 703
155 54
784 390
743 704
65 703
891 414
891 414
703 65
90 96
680 584
963 67
429 415
429 454
90 388
90 70
105 233
693 178
429 401
165 136
912 472
65 322
65 415
70 65
586 383
585 274
585 901
168 126
585 901
915 428
428 806
50 559
963 67
428 915
50 559
918 499
585 901
586 294
499 679
90 388
90 70
428 915
90 388
73 679
586 267
410 189
415 334
399 962
425 948
147 577
719 541
687 812
987 338
784 306
509 42
288 629
288 846
374 317
772 334
772 75
288 629
288 391
288 484
692 233
692 233
165 316
752 150
165 401
165 67
165 31
165 316
425 416
29 899
692 233
165 401
165 67
518 895
518 799
692 233
692 233
165 31
425 946
120 687
738 644
738 28
738 783
738 979
738 231
738 923
738 541
738 134
738 397
738 597
738 1001
470 789
952 806
952 915
952 200
952 428
915 31
718 61
425 232
425 946
813 746
120 65
190 890
189 718
674 112
31 915
31 857
207 469
29 5
414 891
310 46
674 392
165 67
165 990
165 401
120 948
742 901
120 772
450 947
246 101
246 423
806 952
855 697
428 17
862 547
178 693
41 1000
150 546
41 723
41 73
41 758
41 723
260 232
343 663
11 148
190 373
50 559
697 311
120 752
697 925
697 293
273 951
663 343
233 692
150 444
41 73
697 855
178 862
662 450
662 40
750 484
750 288
750 445
750 391
742 306
662 443
700 935
687 742
320 107
752 120
752 120
752 120
551 895
551 799
534 591
738 921
120 752
120 772
742 214
120 454
120 772
120 633
120 253
120 198
120 191
120 609
120 752
120 772
120 454
120 772
120 609
120 454
120 53
214 746
316 349
316 17
915 857
851 978
929 0
819 329
164 638
862 178
944 90
178 978
428 971
40 696
915 142
963 67
241 645
595 71
301 902
595 71
113 518
846 288
846 67
454 401
454 429
99 547
429 415
789 470
410 977
963 67
90 763
90 944
90 220
718 189
502 178
977 410
175 275
534 125
687 120
622 125
622 559
622 510
200 630
622 676
622 125
622 676
622 559
622 510
622 46
541 719
971 838
290 53
249 491
622 106
895 163
423 1004
971 200
231 245
0 929
952 428
952 200
952 915
952 806
758 723
178 862
264 245
207 558
915 428
915 200
915 952
915 806
228 693
506 644
454 429
454 429
629 685
629 445
629 24
629 288
629 484
629 526
112 267
31 915
996 418
750 391
750 445
316 953
316 543
316 165
316 344
316 351
316 31
316 647
316 428
316 142
316 990
316 200
316 971
629 846
316 224
316 302
316 888
316 92
316 915
316 952
316 136
316 857
629 280
629 391
629 360
31 224
31 92
190 629
527 855
224 31
915 428
595 71
915 200
142 915
454 401
454 429
454 401
454 429
454 401
915 952
454 401
491 249
517 751
629 630
629 891
629 631
629 160
629 530
629 750
517 478
629 493
629 658
469 978
469 167
528 830
517 648
517 267
629 561
607 75
233 935
233 692
540 231
52 868
288 846
70 603
301 188
288 629
288 846
288 484
288 610
288 391
90 718
425 104
568 379
568 900
290 53
168 472
377 246
214 912
166 112
302 428
603 70
915 200
915 857
857 915
915 883
915 530
779 718
516 532
624 231
418 996
107 528
915 160
168 912
52 112
491 5
779 843
143 658
586 168
586 912
586 984
586 168
586 885
586 912
425 104
52 868
42 962
558 216
104 425
868 52
38 591
38 534
470 789
72 214
643 685
851 469
851 469
851 469
61 718
654 979
772 120
772 454
935 668
935 720
935 813
53 542
53 518
772 609
718 61
214 72
99 547
440 95
915 530
915 160
915 883
915 857
915 200
418 977
168 472
168 586
168 912
883 225
168 232
168 472
977 418
746 813
418 977
191 692
73 758
73 41
232 168
232 472
418 977
933 277
977 418
168 912
168 885
168 984
62 163
744 232
277 933
977 418
168 586
750 24
528 24
168 472
418 977
290 214
290 367
52 232
749 700
273 951
997 528
229 356
425 946
421 424
565 499
720 746
62 163
506 173
895 823
104 425
977 418
718 779
418 977
178 470
746 935
746 720
746 935
883 915
178 502
178 502
505 337
178 228
178 528
90 472
90 946
855 581
692 191
506 14
586 310
435 500
586 332
586 782
586 294
1004 724
586 267
586 435
32 127
710 862
332 168
332 912
810 881
104 790
813 746
335 664
62 485
62 113
62 646
316 90
184 732
428 806
425 699
586 310
29 808
347 332
52 912
754 16
868 52
381 532
332 500
886 250
29 899
806 428
647 806
173 506
17 428
168 332
790 294
790 168
168 790
586 762
168 912
168 912
168 425
746 595
746 935
746 783
746 718
746 813
2 72
746 668
381 192
168 266
168 232
17 915
647 953
404 595
52 948
52 948
168 912
168 946
168 332
577 147
806 647
390 784
439 168
168 439
168 472
688 899
73 503
192 381
754 718
232 744
105 233
899 29
951 273
381 192
72 2
428 915
104 425
872 582
854 518
166 743
425 104
654 991
388 90
90 118
662 450
506 199
854 518
428 915
321 618
425 104
24 631
470 789
184 225
104 425
534 139
868 52
518 854
518 542
724 883
724 718
879 420
184 883
184 907
184 843
746 935
428 200
428 224
428 915
886 250
746 668
428 915
746 935
746 813
746 935
891 24
104 425
506 670
506 199
746 720
443 742
428 224
425 104
184 754
184 711
184 779
184 407
166 528
52 868
428 200
428 915
24 782
168 912
168 586
168 885
168 984
580 143
428 316
685 630
73 723
586 984
207 988
278 151
915 428
428 136
428 857
139 534
428 915
782 629
782 24
880 379
381 192
78 130
104 425
779 718
692 233
168 439
718 779
290 278
784 703
191 120
104 425
246 724
75 772
207 795
338 53
946 472
946 232
470 789
425 104
168 946
84 324
946 168
371 870
207 469
207 424
874 245
874 873
874 231
874 840
874 540
469 851
147 230
500 814
425 104
35 978
147 926
764 245
168 790
90 941
90 107
502 418
624 245
207 451
611 921
425 104
168 472
168 232
470 789
207 558
248 980
104 425
439 168
502 189
214 443
624 231
624 329
685 643
418 502
784 742
921 611
29 107
934 595
377 718
91 995
114 275
232 946
377 101
377 423
377 246
310 879
425 104
812 119
812 700
812 790
812 465
692 746
692 233
233 53
977 153
977 1004
997 891
718 724
718 189
104 425
772 334
946 948
946 425
418 996
1000 112
220 65
421 424
233 53
168 790
168 266
540 311
67 963
67 846
67 344
67 391
67 165
67 207
425 104
868 52
344 165
189 718
67 963
67 344
67 391
67 207
344 373
874 764
189 718
846 288
540 955
540 245
425 104
168 472
168 232
774 947
846 67
433 528
669 580
191 190
104 425
611 921
418 996
846 484
362 485
990 424
104 425
343 310
75 607
107 381
107 643
107 175
107 201
107 980
107 335
107 1004
107 670
107 236
107 289
107 664
107 985
107 898
107 899
107 192
107 5
532 516
337 505
232 168
232 472
811 617
5 491
518 895
107 320
107 208
107 537
107 810
107 464
107 553
107 118
107 29
518 799
899 808
664 335
139 534
324 509
381 107
703 784
744 232
692 233
418 502
166 759
277 933
710 599
895 823
586 912
586 885
586 168
306 790
73 41
506 644
506 996
518 895
518 799
290 214
290 367
142 915
99 878
506 199
687 120
692 135
692 581
915 142
277 147
273 235
506 541
692 749
977 153
73 758
73 723
589 909
435 500
435 332
338 951
107 201
758 41
758 503
758 723
320 90
952 915
952 200
952 428
995 91
61 718
290 367
290 214
410 977
273 951
245 329
245 233
245 264
245 624
61 718
789 470
40 450
935 720
599 710
233 935
233 692
233 53
528 997
720 527
624 245
925 697
925 311
321 216
559 50
808 899
90 178
90 228
951 752
66 782
915 316
782 66
782 45
774 947
66 782
977 153
528 84
32 791
73 503
599 929
599 710
925 873
925 955
995 687
995 334
559 50
589 909
599 99
61 718
66 782
559 420
559 50
782 66
782 45
141 978
540 231
107 208
685 643
107 320
231 245
343 528
362 918
362 812
540 245
540 624
134 535
293 207
98 707
98 107
410 650
410 663
1000 112
935 668
178 78
497 428
107 98
497 428
251 506
634 388
239 742
120 540
120 987
120 948
120 267
126 586
147 528
98 134
178 130
48 558
586 294
157 586
189 181
62 485
98 134
98 268
98 707
98 278
98 117
98 107
98 713
935 746
112 1000
316 349
316 92
752 120
163 62
251 482
120 775
120 865
48 558
164 638
624 540
685 643
988 851
697 925
372 404
372 149
372 169
372 934
934 595
98 268
98 707
98 401
98 278
290 499
624 540
440 380
404 372
939 510
404 372
843 907
429 401
429 98
429 415
429 454
349 316
191 65
191 948
191 150
191 75
843 907
470 951
440 537
120 926
120 147
977 514
977 153
977 780
977 950
977 1004
977 832
120 425
120 868
868 790
994 338
190 353
151 566
98 117
98 107
98 429
98 454
98 713
120 660
178 502
948 120
98 107
576 541
925 697
178 502
913 518
540 231
540 245
540 624
98 134
98 268
98 707
98 278
98 117
98 107
98 713
702 327
935 668
948 120
440 537
697 925
126 586
920 528
107 201
752 120
735 962
528 343
29 670
605 178
304 317
663 22
98 134
98 268
98 707
98 278
98 117
98 107
98 713
589 909
470 789
952 838
540 624
274 142
274 547
274 469
274 656
630 484
178 502
118 732
118 0
724 415
935 700
381 29
624 540
189 377
977 153
977 418
977 996
280 656
280 32
280 915
280 422
280 141
280 360
280 293
280 631
280 530
280 35
280 953
280 920
280 561
280 241
987 849
724 718
530 630
775 120
29 670
410 189
634 96
166 74
977 514
977 780
977 950
977 832
744 912
178 231
987 962
624 245
470 789
98 134
98 268
98 117
98 107
98 429
98 454
98 713
84 324
528 660
119 790
343 310
178 502
464 107
98 134
98 268
98 707
98 278
98 117
98 107
98 713
294 74
1000 112
996 199
643 685
1004 107
399 106
669 687
669 617
540 245
540 624
14 738
98 278
106 399
98 401
98 268
98 592
98 707
98 278
98 117
98 107
98 713
912 472
38 324
669 580
912 77
912 77
29 381
912 77
147 355
98 134
98 268
98 707
98 278
98 117
98 107
98 713
862 78
517 459
347 332
231 245
178 418
464 107
435 762
98 134
98 707
280 301
120 542
98 134
605 710
605 99
605 502
605 249
605 693
605 78
605 6
605 409
605 767
605 976
605 0
605 569
605 599
605 333
605 178
189 410
934 372
329 231
1002 319
374 443
410 996
112 166
629 526
629 24
629 685
629 360
629 630
629 891
605 228
605 538
605 862
605 470
98 268
98 278
98 117
98 107
518 62
316 428
381 192
264 329
356 112
147 91
895 823
62 485
168 439
738 644
356 112
605 333
61 718
332 170
290 53
356 472
78 878
851 630
851 630
168 332
401 98
401 415
401 429
401 454
401 165
629 160
120 687
966 168
966 575
220 65
53 147
644 506
644 199
644 738
392 267
987 540
369 518
415 150
415 178
288 846
288 629
98 134
98 268
98 707
98 278
98 117
98 107
147 157
532 804
178 214
288 526
288 484
288 24
288 685
288 846
288 280
288 360
288 630
535 518
147 53
535 369
902 547
506 440
772 75
168 575
168 966
772 633
772 120
772 609
772 454
178 78
772 633
772 120
772 609
772 454
948 425
178 569
952 200
290 589
470 789
166 112
469 188
188 274
178 415
776 278
120 772
120 772
112 166
540 994
540 987
731 8
78 130
147 120
207 484
166 112
987 540
356 425
605 178
40 120
275 175
280 75
935 720
175 275
410 189
290 540
518 62
168 912
168 356
812 465
168 425
587 332
947 774
409 767
853 343
409 767
372 404
372 149
372 169
372 934
404 372
948 120
61 718
776 214
61 718
356 425
356 168
356 912
98 268
98 707
98 278
98 117
98 107
214 811
191 65
191 948
191 120
191 196
191 190
850 65
540 245
540 624
934 595
316 349
120 948
624 540
332 587
65 135
700 935
934 595
65 850
107 98
607 243
349 316
951 857
120 191
32 708
168 912
948 267
61 718
935 746
112 166
935 720
207 293
187 572
187 947
187 568
187 254
187 802
187 695
356 912
356 168
356 425
280 902
788 402
704 503
61 522
61 843
934 595
207 349
774 947
207 428
990 857
187 965
61 214
72 91
62 518
540 624
24 31
178 150
75 191
207 630
812 119
161 784
935 813
61 718
32 921
99 502
381 192
854 518
65 191
949 912
949 168
173 506
868 790
518 854
425 120
190 191
542 485
280 65
946 318
472 356
356 912
356 168
356 425
214 61
98 134
98 268
98 707
98 278
98 117
98 107
214 776
517 459
280 24
280 188
280 469
586 267
586 984
356 765
891 75
586 435
356 157
356 948
356 425
356 912
356 168
356 425
764 231
547 902
356 765
260 168
984 586
991 61
790 638
912 356
912 425
418 538
912 439
912 266
912 77
912 168
912 949
912 699
912 521
30 765
356 472
356 425
356 472
16 718
16 718
784 742
414 891
586 157
586 718
586 334
586 782
472 946
502 178
502 178
502 693
356 948
356 425
356 744
356 168
356 472
472 966
356 425
356 912
356 730
356 868
356 912
356 730
356 868
356 730
356 313
356 500
356 77
912 168
912 356
469 851
586 984
924 516
605 178
605 178
605 178
605 178
697 855
697 293
190 353
190 120
207 373
207 35
987 849
987 540
987 840
987 789
987 231
987 311
987 872
987 809
987 482
987 873
987 994
987 251
987 245
987 28
987 338
987 582
987 433
987 361
685 643
16 718
168 521
168 949
260 912
912 168
912 77
643 685
955 540
746 534
746 502
746 223
746 935
746 813
746 935
746 668
746 534
746 502
746 388
746 223
746 935
746 591
746 813
638 164
168 260
168 912
168 356
168 425
168 439
168 912
168 439
168 266
168 77
168 699
987 531
16 718
16 718
418 996
372 934
643 685
232 744
157 586
232 260
260 232
425 949
157 586
439 912
439 168
168 912
168 439
685 643
168 266
949 472
784 161
991 654
991 654
991 654
991 654
991 61
439 912
439 266
439 168
506 90
136 629
266 232
949 168
643 685
500 332
624 245
107 29
782 126
790 260
260 790
685 643
868 416
868 790
790 868
790 260
111 762
418 996
414 530
996 418
996 418
416 868
607 687
607 692
14 702
891 414
891 414
891 530
141 188
141 280
788 106
624 540
624 245
685 643
685 643
624 540
168 912
168 439
168 266
912 744
912 425
912 168
912 77
912 356
912 730
912 868
912 168
912 949
643 381
643 335
912 168
912 260
685 643
260 912
324 534
324 591
891 414
630 656
782 586
392 674
414 891
168 439
439 168
643 685
996 418
996 153
996 977
502 775
685 643
439 168
891 414
267 984
912 425
439 168
812 790
812 465
812 2
812 700
812 119
812 550
335 643
14 702
912 168
912 356
912 77
912 948
912 721
912 168
912 472
912 575
912 168
912 77
912 168
912 472
912 575
912 77
912 168
912 472
30 790
742 784
742 863
912 168
267 586
987 95
987 56
987 480
470 249
470 929
470 409
470 599
952 200
347 912
347 257
995 334
464 107
540 245
540 624
744 232
952 200
470 710
470 862
470 333
470 710
470 502
470 249
470 693
470 929
470 78
470 6
470 409
470 767
470 976
470 0
470 599
470 538
470 314
514 832
514 378
782 351
624 540
544 143
544 8
544 669
749 569
749 191
749 220
749 540
178 299
428 224
428 806
401 429
988 167
120 997
120 775
120 865
746 668
746 935
746 720
746 720
425 472
425 356
809 994
589 290
514 1001
514 780
514 950
514 977
470 605
470 228
253 151
313 730
200 857
538 178
605 470
605 178
105 233
782 435
450 187
997 120
332 912
332 168
362 915
231 178
469 141
469 630
30 936
484 630
535 369
502 470
502 239
685 643
517 112
280 421
280 526
280 421
280 647
280 547
280 851
280 142
280 990
643 685
439 168
407 369
517 112
178 633
334 75
730 313
595 71
499 290
528 589
891 629
190 120
484 630
851 280
849 987
29 381
112 517
803 112
595 71
851 280
952 428
952 200
952 915
952 351
48 679
48 844
1003 707
595 71
290 499
137 239
343 853
30 948
104 30
190 196
349 976
178 228
178 605
952 428
952 200
952 915
952 351
304 317
630 530
190 614
190 120
674 112
907 393
288 610
288 484
288 846
288 629
428 806
288 610
288 484
288 846
288 629
617 120
288 610
288 484
288 846
288 629
190 890
188 301
190 65
775 502
746 900
907 393
746 692
414 591
190 120
987 955
987 764
987 641
987 68
987 698
987 796
730 912
730 356
730 868
178 538
178 502
812 790
812 119
674 392
200 952
178 231
617 120
200 952
784 742
65 334
112 674
288 846
288 629
190 274
190 373
190 486
190 656
190 181
190 353
414 995
288 891
746 720
443 229
401 454
401 165
75 891
704 558
540 245
540 624
178 470
178 470
178 862
178 538
178 991
178 314
178 333
178 710
178 99
178 502
178 249
178 693
178 929
178 295
178 78
178 6
178 409
178 767
178 339
178 976
178 0
178 569
178 599
401 429
746 813
401 415
402 106
32 143
317 304
870 731
559 50
151 923
334 891
120 190
401 98
401 415
401 429
401 454
401 165
120 454
120 772
120 752
763 90
669 99
178 470
935 720
429 401
401 165
178 249
178 78
763 90
401 98
401 415
401 429
401 454
401 165
401 98
288 160
470 314
288 750
782 332
879 69
879 735
977 1004
535 369
224 806
443 86
443 662
1004 977
530 24
157 415
112 166
946 948
421 424
946 425
421 795
106 154
502 61
502 718
383 362
502 178
782 126
228 178
502 178
58 909
915 952
977 1004
546 550
885 20
782 806
952 838
948 250
987 994
987 251
987 245
987 28
987 338
987 582
987 433
987 361
987 531
987 95
987 56
987 480
987 955
987 764
987 641
987 68
987 698
987 796
383 518
595 450
105 91
517 415
595 71
334 415
813 746
963 67
963 67
963 67
522 546
188 851
188 280
506 921
107 320
67 846
383 362
772 75
772 334
586 782
851 469
65 220
362 383
232 946
369 913
220 364
220 450
220 692
990 31
990 165
65 220
418 538
806 782
530 507
803 948
280 188
369 407
362 383
347 933
870 82
383 362
65 983
207 978
421 795
418 996
987 873
680 731
680 284
915 428
245 987
870 527
851 978
846 288
846 67
561 750
765 30
67 963
67 344
67 391
67 165
67 207
934 595
561 629
646 890
245 231
772 120
772 609
772 454
190 181
846 288
846 67
795 421
595 71
67 344
67 165
680 731
680 584
680 15
207 35
987 482
987 872
288 846
288 629
288 610
288 484
288 846
288 629
288 610
288 484
288 846
288 629
983 65
320 107
65 220
288 484
540 994
662 443
178 752
924 173
324 509
273 951
65 983
67 963
67 846
67 344
67 391
67 165
67 207
699 77
469 207
288 610
288 629
288 846
924 644
924 199
949 168
52 586
425 946
106 950
540 290
454 278
314 599
414 891
72 528
65 220
288 846
288 629
288 610
288 484
288 391
288 629
288 610
288 484
288 391
288 629
288 610
288 484
288 391
288 629
224 806
857 428
806 782
956 565
605 178
160 891
67 963
782 507
674 112
29 808
347 332
334 231
372 934
334 75
646 369
646 513
1004 393
1003 454
662 443
112 674
605 178
605 178
605 178
674 112
605 178
605 178
605 178
518 383
605 178
650 828
987 849
987 540
987 840
987 789
987 231
987 311
782 629
987 809
782 24
935 746
67 846
67 344
67 391
67 165
67 207
996 410
956 565
956 565
316 428
316 915
605 178
996 153
996 977
996 418
946 232
65 280
70 638
605 178
407 369
407 369
343 399
407 369
343 399
280 24
983 65
435 332
220 65
772 178
750 561
32 921
260 949
188 280
372 934
517 459
784 82
530 630
752 120
685 643
718 281
280 526
280 484
280 288
280 24
280 445
280 685
280 846
126 782
280 391
280 630
280 629
280 891
280 631
280 160
280 530
280 750
280 493
280 561
280 658
849 275
849 423
849 175
280 360
696 678
314 929
718 122
528 245
749 819
718 843
718 732
214 813
61 718
484 630
38 939
38 309
38 474
718 716
506 29
506 5
506 6
506 921
509 951
718 189
421 424
421 795
718 883
229 443
648 126
948 112
849 275
849 423
849 175
732 718
718 114
878 99
752 120
537 107
718 293
987 849
912 260
629 685
585 568
316 136
383 362
669 580
362 383
538 418
643 685
902 280
586 435
586 782
586 530
912 949
718 595
718 16
685 629
809 987
120 752
16 718
718 866
849 275
849 423
849 175
122 718
872 686
151 278
288 530
107 652
696 187
951 509
718 977
200 630
987 540
987 840
987 789
987 231
987 311
987 872
987 809
987 482
987 873
987 994
987 251
987 245
987 28
987 338
987 582
987 433
987 361
987 531
987 95
987 56
987 480
987 955
987 764
987 641
987 68
987 698
987 796
634 346
692 749
139 534
30 765
643 685
316 953
136 450
136 200
136 857
99 767
542 415
90 850
90 657
30 765
857 915
629 214
530 586
795 421
280 687
586 782
245 987
178 470
178 862
178 538
178 991
178 314
178 333
178 710
178 99
178 502
178 249
178 693
178 929
178 295
795 421
586 530
77 949
77 168
112 1000
948 517
278 776
530 629
935 720
30 765
1000 112
160 550
692 775
692 624
530 586
390 784
948 803
535 113
423 246
423 101
90 107
178 502
294 586
946 313
909 58
90 997
113 535
776 214
239 868
648 168
77 260
77 439
77 266
178 78
178 6
178 409
178 767
586 126
546 517
630 530
586 157
107 980
846 67
517 948
718 724
316 349
316 17
316 647
316 428
316 142
316 990
316 200
316 971
316 224
316 857
316 302
316 888
316 92
316 915
316 952
316 136
316 31
316 351
316 344
316 165
316 543
160 550
126 648
630 301
530 629
178 339
178 976
178 0
178 569
178 599
178 605
178 228
724 1004
527 951
502 178
813 214
813 746
935 720
90 646
90 518
120 772
586 435
895 551
895 799
646 90
150 833
585 568
987 245
630 782
630 507
630 629
90 32
528 765
530 214
752 55
260 168
136 915
260 266
168 332
707 680
707 98
707 951
374 137
644 506
644 199
517 112
700 790
374 105
843 907
513 542
513 823
168 912
850 65
214 776
168 912
912 356
912 730
912 868
29 335
962 890
962 890
367 160
540 338
280 547
280 24
280 846
214 940
857 951
112 517
207 424
294 759
294 104
178 633
178 0
178 150
775 120
178 53
343 70
977 514
977 153
977 780
977 950
995 334
313 112
921 32
921 657
178 546
332 912
332 168
332 435
332 500
207 165
67 963
67 846
67 344
67 165
207 795
207 373
207 469
280 629
280 631
280 561
280 658
731 15
749 692
749 994
428 857
425 168
120 40
334 995
75 231
692 746
1004 724
334 231
356 112
356 730
356 472
356 313
506 644
692 749
723 41
644 506
518 854
518 542
518 823
518 535
120 454
120 772
120 633
120 948
120 609
75 334
731 284
294 885
731 584
40 120
55 752
692 746
692 233
644 702
168 912
702 644
692 749
912 472
540 641
692 264
765 648
765 721
810 289
232 425
978 299
946 472
137 374
951 857
105 374
294 586
994 692
891 75
214 178
692 135
692 581
692 742
692 819
425 232
165 142
441 304
402 788
987 540
585 306
67 165
67 207
372 404
372 169
372 934
528 660
759 294
988 978
988 167
988 207
541 576
517 383
188 978
966 168
500 332
1004 977
214 178
454 713
189 410
851 469
573 294
343 879
168 912
168 332
952 200
362 812
362 695
278 776
719 828
67 391
454 772
67 344
67 963
288 658
178 214
260 77
178 772
306 214
738 644
685 643
178 415
843 490
372 404
372 149
372 169
294 586
874 540
874 840
874 231
874 873
874 245
874 764
428 497
528 40
151 566
372 404
372 149
372 169
372 934
454 713
38 324
75 772
67 846
428 971
995 414
518 369
776 278
347 171
347 933
347 355
347 590
423 883
177 912
177 168
700 2
1002 319
150 178
879 343
948 182
739 528
178 470
178 862
178 333
178 502
178 249
178 693
178 6
178 605
178 228
948 416
948 313
948 425
77 912
319 1002
178 214
165 207
995 334
319 1002
214 776
518 535
349 207
151 566
362 126
362 249
289 810
207 349
518 369
518 535
334 214
294 586
890 742
789 470
700 812
828 719
890 506
890 472
687 120
75 995
605 178
421 424
2 629
150 191
719 828
164 638
443 86
443 662
528 343
214 940
443 374
730 868
585 160
629 2
472 946
1004 977
746 668
746 935
746 813
746 935
439 266
605 178
784 300
784 155
784 83
16 994
42 106
746 813
551 535
418 996
393 1004
630 507
630 629
788 634
788 402
788 634
267 392
403 410
595 450
813 746
827 712
827 712
634 890
746 668
1004 189
746 935
404 372
506 745
506 192
506 828
506 289
506 480
598 472
376 969
605 178
168 912
704 918
704 684
644 924
851 718
699 77
168 266
168 521
765 721
168 912
166 112
724 1004
724 1004
173 924
1004 724
724 1004
1004 724
77 699
724 1004
746 668
971 428
266 439
971 543
723 565
168 472
168 472
260 168
168 260
168 472
168 472
168 912
168 949
168 912
168 912
168 949
168 912
168 949
168 912
168 439
168 266
74 294
74 104
74 166
74 984
266 168
168 266
266 168
168 266
638 164
718 724
685 643
685 629
260 439
168 521
404 372
168 699
168 177
392 267
746 684
746 776
746 920
746 813
439 266
746 935
782 507
782 630
782 629
335 29
765 30
765 30
764 364
24 750
712 827
712 827
712 827
24 530
827 712
24 507
168 912
168 949
168 177
168 912
168 356
168 439
168 266
168 260
168 949
404 372
746 591
22 663
249 32
846 288
846 67
846 288
846 67
356 472
502 178
846 288
846 67
62 163
605 178
934 372
41 565
629 561
356 765
356 948
356 425
1000 458
990 207
356 472
231 334
425 168
168 425
704 499
168 260
356 765
356 948
356 425
249 491
356 765
249 491
168 912
280 530
946 415
948 120
120 454
605 178
948 425
120 948
120 196
120 198
120 191
120 752
472 356
189 1004
788 402
788 634
415 946
948 120
32 249
948 120
506 644
662 443
948 120
643 685
168 425
502 228
349 316
912 168
912 332
280 851
280 915
280 920
260 168
191 120
168 260
980 248
248 891
746 692
980 248
891 248
415 542
415 334
415 450
415 851
415 517
415 157
415 783
415 591
765 648
605 178
851 415
746 935
851 188
260 912
949 912
605 178
168 912
168 126
168 356
605 178
891 280
168 648
605 178
668 746
605 178
746 668
629 561
415 718
181 190
77 912
946 472
338 540
980 248
644 924
644 506
644 199
912 77
605 178
181 189
605 178
605 178
605 178
746 668
181 724
891 248
248 891
605 178
746 692
605 178
538 418
891 248
338 955
248 891
29 808
746 813
746 935
77 912
