949 168
949 912
335 107
660 75
173 506
418 977
550 546
220 75
107 808
107 980
107 670
107 898
107 5
107 118
107 553
107 464
535 913
335 516
14 924
804 761
414 746
949 168
107 29
500 332
949 912
644 199
644 506
444 250
444 535
500 814
444 250
444 535
602 356
602 517
743 356
602 126
881 810
810 881
810 107
516 335
602 416
107 5
433 32
55 404
500 814
500 332
13 516
362 383
126 133
126 602
551 214
921 738
153 996
153 418
153 411
654 738
942 135
739 143
478 267
743 356
485 250
444 250
628 82
886 250
362 915
500 416
107 381
107 335
107 664
107 985
107 468
107 810
107 537
670 2
865 923
502 738
418 977
107 201
107 381
107 201
107 980
107 335
107 670
107 898
107 320
362 141
646 551
135 870
646 62
418 996
418 977
414 891
414 607
500 332
500 435
135 371
135 4
418 996
135 170
135 870
135 82
135 628
107 468
107 468
107 468
107 468
107 468
135 581
135 629
135 371
654 738
0 929
0 78
0 693
0 249
765 721
0 502
0 99
0 710
0 333
0 314
0 991
0 538
0 862
0 470
850 924
850 541
921 657
921 32
881 850
135 371
810 881
135 371
135 581
135 170
135 581
135 870
135 82
135 628
531 528
531 987
500 332
654 738
650 686
500 332
921 738
192 381
107 335
646 513
646 369
62 535
646 485
646 513
135 4
646 369
135 371
135 82
850 682
362 372
549 866
850 804
850 881
850 516
135 746
135 371
135 4
135 170
135 581
135 870
135 82
135 628
135 371
135 4
135 170
135 581
135 870
135 628
248 670
924 1001
523 229
506 480
506 289
506 828
506 192
506 745
381 327
418 105
289 107
868 730
327 107
865 257
173 657
56 994
774 947
657 231
657 231
231 657
942 712
942 712
173 506
173 10
180 897
924 173
924 14
924 199
924 1001
111 762
418 996
602 398
1001 644
742 900
644 1001
742 306
942 712
743 602
398 602
868 974
743 602
537 236
62 485
62 646
362 383
924 506
537 107
648 267
107 808
107 381
107 643
107 175
107 201
107 980
107 335
107 1004
107 393
107 670
107 289
107 688
107 664
107 985
0 6
107 898
107 468
107 899
107 236
996 418
418 996
624 764
14 702
14 644
14 199
14 996
14 506
14 173
14 924
14 1001
320 107
736 540
854 90
624 764
542 62
418 996
418 153
418 411
14 924
657 231
751 267
774 947
924 996
924 199
924 644
74 803
550 546
135 692
126 782
126 782
523 229
107 335
248 696
74 166
743 704
220 150
854 485
742 581
742 214
500 814
506 924
335 107
500 814
418 996
74 112
74 674
74 392
765 721
62 535
62 250
765 674
765 542
173 506
722 250
220 196
996 383
775 329
942 712
963 67
248 364
107 98
418 996
502 738
517 718
502 738
963 67
500 814
685 1001
742 443
1001 605
537 107
135 371
135 4
135 170
135 581
135 870
135 82
135 628
135 371
963 67
62 535
542 250
105 418
502 738
485 62
14 924
924 14
924 850
924 702
135 746
248 364
135 334
418 105
1001 685
1001 924
135 334
685 605
685 1001
646 485
646 62
58 909
535 214
765 602
522 546
220 150
500 814
270 923
135 581
105 418
996 418
418 996
996 418
743 356
0 409
372 169
0 976
605 333
605 538
605 862
605 470
167 547
605 789
112 74
112 166
605 710
112 392
674 166
294 232
832 649
429 454
429 415
429 98
429 401
416 166
112 674
605 789
605 502
605 249
13 951
167 547
120 923
546 415
74 112
250 62
149 372
674 112
605 228
605 178
605 599
605 569
605 0
605 976
605 767
605 409
605 6
605 78
605 693
746 692
316 150
314 693
789 251
372 716
372 149
151 280
943 343
516 850
232 294
232 782
465 962
414 607
372 934
372 404
425 946
392 316
935 746
951 284
844 684
90 260
844 499
372 595
912 782
372 404
372 149
377 530
912 168
974 586
316 165
946 472
946 356
90 742
344 165
344 373
696 248
409 249
166 74
166 392
166 674
166 112
381 532
534 65
844 684
372 169
951 214
949 912
949 168
53 200
963 67
720 527
454 98
280 151
984 267
984 586
90 422
90 613
547 293
978 851
703 135
316 915
765 90
987 540
166 743
106 906
710 314
906 106
577 926
609 854
1004 506
392 112
74 392
249 409
107 192
249 6
353 391
750 288
750 288
166 74
166 392
166 674
166 112
926 61
693 228
674 392
499 321
499 558
392 74
392 166
392 674
629 978
106 906
906 106
978 629
948 75
948 120
948 854
742 214
682 850
502 178
502 178
633 193
410 696
347 748
850 682
347 355
347 933
347 171
657 506
534 65
377 75
120 53
334 214
948 416
290 566
40 568
530 629
106 906
707 680
40 198
391 891
541 850
987 251
731 422
75 377
75 993
569 333
41 73
293 547
723 41
371 870
454 120
173 506
416 765
782 232
147 972
742 581
280 846
951 284
795 421
530 135
318 956
294 232
294 782
696 248
284 951
248 696
428 915
441 304
251 987
169 969
169 189
169 281
318 684
503 812
891 414
153 977
153 418
764 364
316 392
977 1004
75 220
987 432
532 381
418 996
682 850
62 163
534 649
251 482
251 482
251 849
718 356
491 249
789 605
963 67
31 428
310 534
65 75
65 534
684 499
353 920
153 996
153 761
153 532
142 953
718 915
718 61
502 599
850 197
314 169
718 595
126 790
482 251
32 433
327 414
248 696
500 586
414 891
126 602
0 228
0 519
0 605
0 178
0 599
946 472
987 849
946 232
881 783
418 996
24 891
428 696
281 491
428 857
147 277
62 120
680 15
251 482
401 454
401 429
401 415
401 98
251 987
531 987
251 987
457 377
546 415
546 193
946 425
0 767
987 540
987 789
987 482
987 809
987 872
987 311
987 231
987 789
987 840
987 540
987 873
987 849
62 535
789 605
891 24
251 482
251 849
248 696
765 416
819 624
987 432
987 994
987 251
987 245
377 457
844 684
844 499
65 534
987 698
987 68
987 641
987 764
987 955
987 480
987 56
987 95
987 925
987 531
987 361
987 433
987 582
987 338
987 28
584 951
214 586
414 327
993 75
987 480
987 56
987 95
987 925
987 531
987 361
987 433
987 582
987 338
987 28
987 245
987 251
987 994
987 873
987 482
987 809
987 872
987 311
987 231
987 955
987 840
987 764
987 68
53 692
865 329
418 996
696 248
530 662
15 284
15 584
428 173
65 534
251 482
251 849
707 415
789 605
251 987
62 250
542 535
738 654
443 742
987 698
987 641
107 5
996 924
107 553
356 586
774 947
532 761
418 996
823 369
347 933
347 171
356 743
837 719
292 135
107 236
660 951
62 646
418 105
506 924
703 771
356 586
205 692
347 715
837 745
837 783
837 13
542 62
542 646
369 535
369 913
654 991
774 947
542 62
542 646
646 542
14 611
56 994
56 540
996 418
381 107
996 418
774 947
737 440
500 550
837 738
105 418
347 926
418 105
506 199
685 1001
854 416
418 308
153 977
444 535
984 762
535 113
464 107
685 605
0 595
256 648
669 32
418 996
924 516
921 611
648 256
362 912
14 702
774 947
532 761
14 1001
742 214
506 996
506 541
105 418
418 105
823 895
105 418
418 105
414 607
745 738
105 418
58 909
418 105
1004 107
823 895
886 250
362 661
823 895
418 996
1004 977
506 644
803 838
803 112
803 112
774 947
774 947
143 739
58 909
506 996
362 912
774 947
541 738
774 947
719 516
506 1001
506 702
924 14
135 942
135 371
135 4
135 170
135 581
506 644
14 924
62 214
541 738
646 62
646 369
644 783
774 947
739 143
910 193
418 996
719 516
347 147
414 327
220 75
774 947
644 783
418 996
996 418
418 996
854 334
135 581
135 581
135 870
135 82
135 628
924 14
414 891
418 996
192 381
823 895
231 383
899 808
737 175
737 275
737 849
737 440
803 112
996 418
418 996
418 996
464 90
541 738
541 923
542 646
192 381
506 657
362 383
62 214
996 506
14 924
924 506
924 1001
924 14
506 644
506 199
506 996
506 541
854 334
899 808
942 135
289 810
685 605
685 1001
135 292
135 942
14 924
899 808
996 199
506 199
646 513
657 738
774 947
168 362
168 912
774 947
168 912
347 147
774 947
774 947
56 987
997 890
56 994
881 6
823 923
32 127
899 808
823 687
823 772
823 923
808 899
56 540
542 646
14 702
899 29
774 947
305 946
347 147
868 416
868 416
823 113
823 62
347 933
823 62
823 542
823 62
823 542
347 147
69 50
774 947
703 784
414 891
58 909
703 771
808 118
62 214
105 418
347 147
0 538
0 862
0 470
231 867
823 62
823 542
774 947
940 214
0 991
899 29
14 702
362 168
949 168
362 870
381 335
737 440
772 609
949 416
362 371
0 314
0 333
0 710
347 171
823 120
823 923
942 135
0 228
0 519
0 605
0 178
0 599
0 976
0 767
0 409
0 6
0 78
0 929
0 693
0 249
0 502
0 99
32 762
305 232
703 771
881 810
746 692
746 687
746 935
746 813
746 935
746 668
746 720
746 935
369 485
14 924
746 720
746 692
746 935
746 687
746 668
746 813
746 935
746 668
746 813
702 1001
111 168
111 782
516 924
347 147
220 150
517 112
517 602
517 166
517 356
410 663
751 112
674 112
485 62
803 166
774 947
774 947
62 485
517 718
924 14
924 516
924 14
126 66
126 790
126 66
105 418
823 542
886 250
841 274
949 168
823 542
335 118
674 948
535 444
670 107
56 482
854 416
517 915
231 738
347 147
881 761
660 120
774 947
850 881
14 1001
173 10
517 602
997 890
192 381
126 586
751 948
418 996
996 418
58 909
541 738
541 923
418 105
641 540
105 418
641 482
854 416
418 105
586 356
586 356
776 159
776 214
260 762
335 118
381 107
646 485
809 214
809 159
765 721
765 721
765 908
644 1001
644 924
765 425
58 586
924 1001
381 192
996 418
418 996
996 418
1001 924
702 924
327 358
850 90
924 702
535 369
924 1001
984 762
644 611
644 1001
418 105
765 425
105 418
586 762
418 105
996 199
105 418
850 881
774 947
1001 924
418 105
774 947
414 746
644 199
644 506
644 14
644 702
644 828
644 850
126 700
105 418
126 790
192 381
517 765
517 356
517 586
963 67
135 855
135 75
500 332
774 947
517 166
135 890
135 4
135 170
135 581
135 870
135 82
500 814
135 371
135 4
135 371
517 565
517 854
517 542
126 168
854 235
774 947
126 168
126 912
414 746
774 947
854 250
854 542
1001 702
837 850
126 790
648 765
774 947
942 135
381 532
517 602
517 674
517 157
535 369
774 947
765 721
418 105
644 611
418 996
418 996
774 947
418 996
418 996
602 765
774 947
644 14
292 90
841 90
231 738
742 306
126 782
983 90
362 383
248 591
248 692
231 738
644 1001
644 506
644 996
107 532
107 737
107 464
107 810
107 537
107 208
107 29
107 327
107 320
107 652
774 947
531 528
670 688
810 107
644 828
644 1001
644 611
644 702
644 199
248 607
248 696
248 687
602 743
107 5
107 118
107 553
107 532
107 737
107 464
107 810
107 537
107 208
107 29
107 327
107 320
107 652
62 551
963 67
963 67
963 67
105 418
765 425
107 192
135 170
107 899
107 898
62 485
192 107
899 107
774 947
107 393
107 808
107 381
107 643
107 175
107 201
107 980
107 335
107 1004
107 670
107 236
107 289
107 688
107 664
107 985
107 468
135 581
135 870
135 82
650 783
650 654
650 682
644 850
966 472
126 491
774 947
949 912
650 738
192 381
517 948
798 90
264 40
273 890
774 947
264 644
231 245
335 516
517 607
774 947
62 646
62 646
586 762
517 267
517 267
517 267
688 670
648 256
14 924
439 472
0 184
192 381
335 464
381 532
722 913
517 718
264 329
774 947
381 327
774 947
774 947
365 457
644 738
644 264
506 14
1004 977
823 895
1004 977
365 0
774 947
800 62
648 416
485 250
1004 977
362 383
682 738
682 783
682 654
682 650
646 75
414 687
347 147
1004 977
11 633
532 381
517 267
841 720
0 365
506 14
264 40
774 947
14 924
774 947
774 947
774 947
774 947
500 814
264 644
774 947
11 633
774 947
774 947
517 112
774 947
774 947
720 111
774 947
720 739
107 118
517 267
808 899
485 646
105 418
506 688
924 644
924 702
924 1001
924 14
949 912
485 62
881 790
810 107
891 629
516 790
891 530
111 256
418 411
881 790
337 505
881 790
924 122
774 947
774 947
135 628
135 170
135 720
942 712
702 1001
774 947
62 646
646 513
702 924
774 947
570 765
14 924
500 193
881 850
500 546
774 947
774 947
14 924
774 947
418 996
418 996
418 996
418 996
418 996
418 996
248 415
418 996
949 912
924 14
736 214
924 14
924 14
924 996
542 513
885 111
899 808
685 891
808 899
899 808
899 29
808 899
743 602
418 996
542 415
688 506
996 418
126 232
126 168
126 790
996 418
996 418
996 418
444 535
996 418
924 850
924 506
532 516
418 308
168 762
168 266
168 439
168 790
168 912
418 996
418 996
996 924
772 454
987 311
772 120
454 50
454 499
454 120
454 297
454 278
454 681
454 235
454 706
454 40
424 795
765 416
765 30
166 759
502 542
720 668
62 542
62 646
692 540
721 416
454 559
454 290
454 916
40 687
924 644
900 746
387 851
193 178
418 996
774 91
940 214
310 415
942 135
200 952
188 301
731 422
112 517
934 595
423 101
423 246
178 333
692 540
166 74
789 338
166 392
166 112
214 316
290 40
984 267
984 586
962 540
517 112
112 517
200 952
644 1001
739 731
874 245
874 873
874 231
874 840
874 540
765 721
874 764
874 245
874 764
644 924
721 416
444 535
362 149
502 178
502 333
294 74
74 294
843 393
267 190
765 868
765 416
765 912
765 868
765 416
765 912
267 984
844 672
895 551
53 718
587 56
587 720
166 674
789 698
586 267
586 984
721 356
915 586
977 423
423 977
607 696
977 423
895 551
799 551
984 782
400 374
782 984
423 977
535 369
15 731
135 61
684 704
334 257
334 191
782 232
280 526
280 24
280 189
349 224
306 659
731 15
731 422
731 680
731 284
731 584
306 523
150 752
150 191
377 246
832 38
568 187
214 718
334 75
334 2
334 833
5 175
280 160
334 415
334 746
334 91
334 90
454 609
454 120
454 772
454 98
454 1003
454 401
454 268
454 134
454 120
334 2
334 75
334 833
454 193
107 320
74 416
704 558
721 416
267 586
193 454
454 429
874 873
933 748
933 347
334 120
334 772
334 185
963 67
135 942
713 98
423 866
423 977
365 732
454 609
454 120
454 772
454 134
134 168
416 586
416 166
423 101
423 246
418 996
933 171
546 534
874 231
874 540
987 482
987 809
987 872
987 231
987 789
987 840
987 540
987 849
987 873
987 432
391 373
391 288
530 920
530 280
530 851
530 915
471 150
915 316
391 353
987 994
987 251
987 245
391 373
391 288
391 484
397 975
987 698
987 68
987 641
987 764
987 955
987 480
987 56
987 95
987 925
987 531
987 361
987 433
987 582
987 338
987 28
565 926
391 353
391 373
391 484
984 586
984 168
984 912
915 953
915 543
915 165
915 344
915 31
984 74
915 136
915 92
915 302
915 857
915 224
915 349
915 971
915 200
915 990
915 952
605 693
605 789
605 228
472 168
310 343
135 371
353 391
391 373
391 288
391 484
135 942
391 373
318 566
280 920
280 530
280 915
280 851
391 353
135 405
302 428
135 405
471 150
391 288
915 851
915 280
915 530
649 402
854 485
61 718
248 696
530 685
951 866
963 67
90 422
649 164
90 613
418 996
190 267
685 530
790 912
2 334
2 75
2 833
909 58
706 951
572 40
40 187
735 962
200 952
517 112
850 541
586 984
565 684
112 517
334 61
374 400
586 915
500 214
207 469
374 400
656 301
977 1004
290 53
377 90
656 301
464 107
67 963
629 891
381 327
5 175
540 994
40 187
920 190
267 190
120 923
120 923
540 855
540 692
891 530
891 629
334 75
334 2
503 723
301 978
192 381
923 120
118 107
397 671
224 976
915 920
61 854
874 840
61 517
150 91
696 248
329 789
735 962
246 101
246 423
680 422
851 920
851 530
851 280
851 915
977 423
996 418
150 191
150 752
920 530
920 280
920 915
920 851
866 951
61 991
334 833
334 61
334 550
535 113
718 101
160 629
314 929
718 866
851 167
851 188
851 547
915 214
685 605
214 595
333 502
393 843
55 404
746 813
746 720
746 935
746 668
685 1001
692 233
713 98
38 832
746 668
684 499
684 499
684 499
432 153
789 605
249 693
966 575
168 134
915 316
923 910
175 5
746 591
746 692
746 687
885 416
885 586
739 280
629 526
147 157
746 900
270 923
950 977
540 994
540 987
899 29
782 517
977 761
915 334
527 710
107 5
935 746
407 184
407 883
407 779
407 754
407 843
407 225
549 866
306 771
742 443
407 907
935 517
280 851
280 915
383 586
718 61
746 813
746 720
746 935
746 668
400 306
779 407
713 98
280 739
280 281
586 383
883 407
746 935
24 915
107 5
586 915
280 920
280 530
599 710
713 98
166 573
843 393
472 912
168 472
168 912
168 912
260 912
168 912
168 472
912 765
472 168
912 416
912 168
912 260
912 416
912 356
912 472
912 168
2 790
912 168
912 356
790 812
168 912
168 416
231 772
390 771
135 405
135 628
135 746
135 371
135 4
135 170
135 581
135 870
135 82
135 628
135 334
700 2
700 119
2 812
2 790
443 742
103 206
272 595
272 450
32 197
912 790
168 472
168 232
168 472
629 891
586 984
586 267
915 17
586 166
17 857
168 912
915 316
586 984
17 915
713 98
746 550
166 762
710 527
500 416
500 586
622 676
306 400
622 125
915 316
912 168
782 2
731 739
782 2
782 790
527 710
404 149
32 891
586 984
472 168
168 472
168 912
168 472
168 912
628 135
78 130
530 629
509 206
168 472
622 559
648 765
772 951
530 526
948 517
948 267
948 803
180 897
721 602
866 951
789 231
657 921
948 112
32 891
657 921
260 912
334 980
334 107
432 269
432 641
432 987
432 480
294 74
948 674
948 751
948 392
280 24
530 851
541 850
713 98
891 32
984 232
984 782
891 24
855 955
165 953
716 410
946 472
62 214
926 129
32 669
429 454
429 415
429 98
429 401
432 56
432 531
432 433
432 482
214 558
214 48
771 306
948 416
948 316
886 250
730 109
951 706
951 534
135 170
416 74
664 107
167 817
416 912
765 30
854 185
126 586
923 617
334 811
558 499
782 586
48 499
126 790
432 809
432 153
432 849
817 167
67 207
67 165
67 344
67 963
135 371
135 581
135 870
657 381
231 789
713 98
207 424
207 795
120 454
565 41
48 499
48 214
915 142
915 316
713 98
586 126
586 782
952 200
586 294
333 6
948 517
629 160
416 256
940 214
416 294
776 278
246 101
246 423
977 1004
977 423
977 950
977 780
232 984
617 923
851 530
294 586
723 48
530 360
742 214
891 24
951 772
586 294
790 126
990 207
990 424
530 24
629 891
765 721
765 721
657 921
765 721
765 721
765 721
765 721
765 721
703 784
984 232
246 101
246 423
517 112
552 35
552 424
552 141
552 167
552 957
552 817
552 954
552 301
552 614
552 188
552 469
552 851
552 547
552 795
552 421
552 988
595 546
229 987
484 630
552 207
365 118
552 512
891 629
530 891
246 101
246 423
697 293
697 855
782 232
697 293
697 855
697 925
697 873
948 356
304 4
400 306
789 231
499 214
232 984
232 782
369 535
369 535
990 92
915 428
915 647
915 17
168 472
280 629
197 32
168 232
168 472
168 232
168 472
168 912
168 260
491 5
924 14
371 135
223 638
837 850
942 135
142 712
915 586
738 134
335 107
168 912
168 260
168 912
164 879
164 420
164 223
164 740
164 322
586 490
517 112
586 294
586 166
743 416
586 500
586 267
854 250
663 343
663 343
586 416
136 200
135 942
168 472
915 586
168 912
912 416
843 184
425 472
184 393
500 782
581 855
424 207
231 738
184 607
891 629
214 742
260 90
260 912
712 40
712 280
712 299
712 142
712 547
712 450
61 522
260 168
189 724
891 414
915 316
843 907
912 168
912 260
118 502
500 814
915 662
61 926
61 718
915 24
500 332
32 197
738 231
38 832
38 832
547 424
915 428
582 764
746 720
746 935
746 720
168 912
790 912
550 546
662 450
662 135
414 891
454 429
454 120
454 401
987 229
223 164
662 443
854 61
165 31
206 509
62 646
120 923
948 416
948 75
948 120
316 415
31 990
662 851
662 915
662 731
135 405
971 200
905 281
789 605
883 843
245 329
236 107
401 165
401 429
401 415
401 165
401 454
401 429
401 415
401 98
399 46
229 987
662 920
662 530
942 135
206 103
316 428
895 551
168 416
168 912
872 599
168 912
168 260
804 850
586 126
696 607
790 868
260 168
586 915
586 166
260 912
260 168
260 912
577 458
168 912
17 857
17 428
260 912
712 280
260 168
165 67
343 663
343 310
343 943
343 853
343 663
590 720
590 577
590 147
590 355
590 285
590 347
590 926
590 933
590 336
590 171
590 277
165 316
165 344
165 31
165 401
738 231
923 951
101 718
31 165
912 425
750 141
249 409
249 6
772 334
772 75
772 454
425 232
772 609
771 390
314 228
428 92
428 953
428 31
428 349
428 142
166 586
772 120
214 940
933 748
253 290
5 107
980 5
926 129
926 748
718 101
333 19
718 114
321 684
534 591
151 280
870 371
870 82
758 918
758 956
344 165
344 373
832 38
912 790
850 541
147 720
147 577
147 590
147 355
280 526
120 290
120 752
120 198
120 196
120 948
120 454
772 120
772 334
772 75
772 633
772 454
772 609
120 948
120 752
120 609
120 772
772 334
772 75
280 647
99 502
280 547
280 990
147 285
147 347
147 926
147 933
147 336
147 171
147 277
280 658
280 35
280 424
280 160
280 167
280 817
280 954
280 92
280 656
280 408
280 24
280 469
280 142
135 371
813 746
720 935
365 732
692 746
629 658
629 561
629 493
629 750
629 530
629 160
32 280
629 631
629 630
629 360
629 280
629 846
629 685
629 24
629 288
629 526
629 891
789 605
692 205
506 1004
846 288
923 772
923 120
425 232
61 718
851 750
61 782
61 782
61 718
854 332
854 751
854 730
746 720
750 851
605 789
629 630
865 923
15 680
692 205
502 976
724 181
692 53
629 280
746 813
746 720
746 935
746 668
189 280
425 232
850 738
440 737
189 502
746 900
850 1001
454 429
454 401
713 98
454 772
854 517
850 881
720 813
720 746
171 147
720 668
70 752
90 718
923 865
926 347
609 772
165 31
165 428
595 169
61 718
813 746
280 160
280 24
280 526
40 196
874 925
196 429
196 40
196 147
196 850
181 724
724 189
290 214
772 633
605 789
771 855
912 586
912 168
912 885
644 783
178 990
277 147
646 62
646 542
912 984
895 913
895 250
527 710
654 738
654 783
14 924
346 832
346 376
346 634
316 857
912 74
685 605
913 895
895 913
214 802
214 920
214 776
214 178
854 502
362 568
491 905
316 214
294 817
290 53
912 699
912 949
912 260
912 77
912 266
912 439
912 168
178 0
346 299
963 67
346 638
207 373
737 440
851 280
915 142
851 280
517 112
857 838
112 517
405 135
782 890
951 284
771 703
609 772
609 707
703 771
214 147
214 178
629 280
13 951
912 260
415 250
951 13
107 468
990 178
422 731
0 333
759 166
674 542
731 284
542 765
542 674
190 629
669 32
912 168
13 951
499 321
301 656
381 107
566 290
984 762
912 790
710 527
422 731
765 912
585 306
912 168
429 454
865 752
851 167
915 920
915 530
915 280
915 851
951 883
846 288
951 225
772 718
418 996
502 542
552 951
855 697
855 540
765 214
680 707
190 181
851 915
851 280
851 530
912 214
763 214
629 530
846 288
429 454
429 415
429 98
429 401
853 343
915 920
915 530
915 280
915 851
605 178
605 178
809 214
668 935
175 275
851 920
471 711
142 915
680 15
866 549
895 551
857 838
568 60
838 857
527 710
713 98
787 214
913 895
428 31
428 31
838 857
891 32
178 482
912 168
710 527
662 214
585 306
58 909
314 333
530 629
333 0
472 214
912 765
472 168
530 658
530 493
530 160
530 891
530 630
530 280
530 685
530 24
530 526
530 360
472 168
934 595
990 482
31 990
934 595
31 990
147 171
934 595
721 765
333 693
542 502
674 542
178 605
178 78
178 538
178 862
599 872
991 654
383 362
662 443
383 362
362 383
383 362
782 500
280 293
418 977
565 956
527 710
662 443
546 962
150 415
416 743
844 684
951 923
62 646
41 73
32 669
32 791
500 782
720 951
290 566
850 804
150 127
429 454
429 415
429 98
429 401
723 41
723 758
723 73
362 383
629 280
178 482
774 947
991 858
662 900
528 362
855 771
534 591
534 822
534 343
534 638
534 388
142 915
200 136
200 952
200 971
540 987
383 362
895 551
789 605
799 895
990 207
502 178
857 17
178 502
857 17
62 646
428 17
534 388
528 585
991 654
926 565
926 73
991 654
991 858
178 482
147 171
428 750
991 858
926 577
926 347
948 356
534 70
771 855
534 591
534 822
534 343
534 638
857 428
534 388
991 61
424 450
288 391
288 846
288 773
288 484
280 629
503 41
503 1000
956 565
288 629
710 599
90 260
454 713
280 658
280 920
280 35
280 530
280 424
280 160
568 379
532 761
771 901
56 482
674 765
771 703
630 428
537 107
184 767
288 629
288 391
288 846
288 773
288 484
537 107
90 509
288 391
288 846
288 773
288 484
165 344
165 67
629 561
280 167
280 817
280 954
280 915
267 190
772 120
772 454
772 609
500 586
540 962
425 946
425 232
425 104
772 923
568 293
568 379
568 947
987 540
517 112
540 692
424 712
424 40
424 299
772 75
424 280
772 334
987 540
280 92
280 656
280 408
280 24
280 469
280 990
280 142
280 851
280 547
280 647
280 526
356 765
454 713
428 630
772 890
771 83
178 482
771 390
772 150
561 629
746 813
0 333
774 947
220 633
854 591
369 913
365 716
251 987
798 329
506 192
1001 605
1001 685
1001 977
774 947
798 329
5 532
657 506
369 913
161 784
5 107
685 1001
516 700
685 605
996 418
891 530
891 530
1004 189
500 416
500 586
500 814
885 111
854 334
868 383
1001 605
1001 685
980 464
776 334
648 356
362 371
362 980
362 912
648 790
765 721
765 104
963 67
648 765
886 250
517 602
517 166
517 356
532 804
126 239
220 334
126 239
774 947
881 700
586 762
868 356
774 947
862 909
414 891
628 405
500 586
516 700
55 595
517 232
14 702
765 721
765 104
1004 977
765 721
765 104
862 293
862 547
532 516
862 534
862 909
803 948
940 159
161 784
868 159
950 663
433 994
433 540
868 356
898 335
531 886
746 214
335 553
335 737
335 464
335 810
335 537
335 208
335 29
500 332
791 99
314 605
335 107
69 638
107 737
984 762
648 356
13 199
433 540
335 118
335 5
335 192
335 899
532 381
58 909
765 648
850 702
850 1001
586 762
868 383
335 381
381 532
335 643
335 201
335 980
335 1004
335 670
335 236
335 688
335 664
335 985
335 175
532 804
648 602
506 231
823 542
774 947
774 947
774 947
791 976
774 947
774 947
774 947
774 947
774 947
774 947
746 935
746 720
746 668
746 720
575 912
746 935
823 62
775 329
854 356
657 921
506 657
335 107
516 532
774 947
472 232
628 405
107 334
472 912
963 67
335 107
472 232
996 506
774 947
774 947
107 335
506 334
774 947
231 502
854 542
868 159
868 416
868 214
823 923
418 105
105 418
418 105
105 418
418 105
812 607
2 322
322 245
532 381
532 761
532 700
532 969
532 804
532 5
532 1001
532 553
774 947
774 947
644 924
774 947
743 356
886 250
823 120
774 947
774 947
774 947
924 14
774 947
532 270
362 502
365 457
924 644
93 752
774 947
774 947
208 977
774 947
774 947
14 924
963 67
532 29
644 199
648 885
381 532
500 814
742 915
535 113
381 980
743 356
433 849
61 854
506 199
506 199
997 75
418 996
963 67
940 687
61 90
433 540
648 294
648 984
648 946
648 425
644 506
61 89
500 814
500 814
61 517
891 530
891 530
500 814
532 650
742 239
810 881
685 630
862 293
862 547
862 534
742 591
742 687
742 923
500 814
774 947
963 67
644 924
940 415
940 159
199 738
516 13
126 762
837 783
500 814
516 881
69 950
862 293
862 293
248 607
963 67
881 516
702 14
107 334
500 586
13 516
963 67
648 946
963 67
516 881
192 506
742 306
586 762
126 356
126 586
701 764
626 679
1004 977
220 334
980 898
774 947
107 335
416 762
516 13
173 541
248 591
248 607
506 249
500 814
586 356
648 168
107 898
107 5
107 118
107 553
107 464
107 810
107 537
107 208
107 29
107 320
107 652
13 516
850 199
804 532
506 502
804 532
940 415
107 985
107 664
107 236
107 670
199 850
743 472
743 721
743 602
743 356
648 313
335 107
648 946
362 771
648 356
963 67
963 67
107 393
107 381
107 201
107 980
107 335
107 1004
500 586
760 738
648 912
648 168
542 799
868 948
868 356
868 416
433 540
1004 189
743 356
743 721
743 550
646 485
646 62
1004 977
963 67
542 854
980 107
854 485
362 207
921 32
650 872
921 657
586 356
648 439
551 2
231 502
803 112
719 738
220 383
963 67
500 814
500 814
220 383
500 814
362 868
332 166
362 383
963 67
1004 189
1004 189
1004 189
598 425
208 107
208 1004
335 118
335 553
335 532
335 737
335 464
335 810
335 537
335 208
335 29
72 528
641 540
980 464
381 532
670 107
231 338
850 75
1004 977
335 5
335 192
335 899
335 468
126 416
208 236
126 782
220 150
173 506
553 107
335 808
335 381
648 168
335 643
335 201
335 980
335 1004
335 670
335 236
335 688
335 664
335 985
335 175
868 362
743 30
14 275
531 251
531 482
531 809
531 432
531 480
553 107
765 30
765 313
231 540
1001 173
765 416
765 30
660 306
765 313
765 313
1004 16
765 742
531 641
335 118
765 90
335 175
532 761
628 135
980 107
135 581
135 61
14 275
135 942
135 628
765 721
16 1004
542 646
924 506
248 607
765 152
765 86
765 570
765 86
586 762
542 646
743 416
173 582
996 418
980 107
765 30
942 712
231 170
1004 16
765 721
231 607
868 362
924 506
924 14
362 868
660 91
553 278
682 738
682 783
682 654
682 650
765 721
980 107
765 721
231 540
703 120
644 199
644 506
800 62
62 214
1004 16
868 765
55 595
231 955
231 764
231 955
231 925
231 338
231 28
231 245
231 873
231 311
231 840
231 987
227 66
648 416
765 416
703 784
648 765
650 872
650 686
444 535
516 335
765 30
472 232
335 516
774 947
516 335
765 648
1004 473
837 738
837 719
921 75
765 721
980 107
791 580
803 517
980 718
862 547
862 534
248 462
231 245
586 762
56 994
765 721
996 418
963 67
264 644
765 721
765 721
765 721
126 790
531 482
517 803
517 392
126 984
774 947
862 293
335 516
650 686
369 535
369 913
369 913
674 392
963 67
500 332
500 814
1004 468
332 166
774 947
365 127
648 126
500 332
107 334
765 721
736 633
823 485
362 61
774 947
126 648
506 737
126 648
774 947
126 762
774 947
921 75
774 947
444 535
765 721
506 231
765 104
765 104
648 126
362 771
774 947
949 266
949 439
506 440
506 537
765 721
553 107
644 1001
644 702
542 923
472 425
472 912
472 425
472 912
553 335
220 75
542 765
774 947
742 771
742 232
742 718
742 472
742 517
742 502
742 61
742 356
335 553
774 947
774 947
774 947
868 416
765 256
99 605
823 485
14 924
774 947
774 947
542 62
14 702
774 947
500 814
774 947
823 485
397 975
774 947
369 513
369 535
369 913
774 947
644 828
774 947
774 947
1001 644
891 530
315 423
702 644
418 996
506 644
506 199
506 996
506 541
500 814
942 712
500 814
532 381
942 936
231 170
862 293
644 738
264 454
1001 850
746 935
746 668
774 947
742 214
227 66
742 214
742 61
742 61
742 61
742 159
774 947
742 334
111 885
586 762
804 532
732 118
746 813
746 813
746 935
746 668
732 118
644 783
963 67
208 977
126 356
949 168
126 586
648 168
648 912
648 790
126 104
810 289
746 813
746 720
746 935
746 668
126 586
746 720
746 935
746 935
746 668
949 912
506 923
701 108
891 414
126 762
746 935
746 935
746 813
746 935
746 668
746 813
746 935
746 668
670 381
135 581
135 581
135 628
62 646
657 506
657 576
949 168
648 356
541 923
126 790
192 381
703 306
703 659
823 62
161 784
161 784
644 783
670 29
774 947
774 947
644 738
369 535
289 335
14 506
14 924
335 289
774 947
628 405
703 306
192 289
126 66
921 32
586 762
685 605
685 1001
126 356
126 416
126 586
126 573
535 369
126 586
685 630
289 810
192 381
289 192
126 500
703 135
126 66
192 381
921 657
135 703
126 790
126 782
949 168
0 693
0 249
0 502
0 99
0 710
0 333
0 314
0 991
0 538
0 862
0 470
414 891
485 854
742 83
742 306
742 568
742 659
0 929
0 78
0 6
0 409
774 947
774 947
506 576
506 657
643 685
506 775
506 248
506 364
742 784
643 685
774 947
0 228
0 519
0 605
0 178
0 599
0 976
0 767
14 924
774 947
742 443
556 168
260 762
135 581
369 535
369 913
576 506
535 913
949 168
531 482
531 987
542 62
1001 605
1001 605
1001 685
1001 605
1001 685
542 646
542 646
506 576
506 657
506 576
381 670
135 628
135 628
135 855
135 581
628 135
657 506
657 576
1001 605
742 306
1001 685
657 576
657 506
381 670
949 168
670 381
329 692
670 381
381 532
949 232
173 506
854 517
500 332
135 703
682 738
682 783
682 654
682 650
774 947
774 947
135 371
135 4
135 170
135 581
135 870
135 82
135 628
517 602
517 166
517 356
742 900
742 388
742 863
742 784
774 947
685 898
887 159
742 784
742 863
742 388
742 900
500 334
997 334
500 687
774 947
774 947
774 947
742 784
742 863
742 388
742 900
135 334
837 761
47 769
997 617
231 170
746 595
746 223
746 502
746 534
746 668
746 591
746 720
746 720
746 720
746 813
670 29
670 189
670 29
670 5
670 506
924 996
899 808
746 591
746 813
62 120
742 214
800 62
231 867
774 947
506 657
921 14
921 14
542 62
135 746
774 947
135 371
135 170
135 581
135 870
135 82
135 628
963 67
227 66
742 159
135 4
248 364
774 947
500 814
774 947
517 718
963 67
862 280
862 772
963 67
742 120
774 947
532 700
682 738
682 783
682 654
682 650
898 685
774 947
742 120
742 772
963 67
963 67
774 947
685 614
135 851
774 947
62 535
950 663
500 332
950 663
500 586
135 851
1004 14
289 335
419 977
535 369
500 586
774 947
535 369
774 947
774 947
774 947
774 947
107 468
14 249
774 947
774 947
862 293
506 657
227 66
576 657
220 75
126 782
624 329
624 329
335 289
220 334
220 75
289 335
703 135
657 506
963 67
774 947
220 196
742 120
774 947
657 576
1004 977
220 75
335 381
335 381
14 724
173 506
774 947
657 506
657 506
774 947
14 605
14 1004
14 506
14 249
14 796
14 881
862 379
862 662
500 332
670 5
248 506
774 947
774 947
517 854
61 782
774 947
774 947
335 898
765 721
774 947
924 541
362 383
774 947
774 947
774 947
362 573
541 924
418 996
774 947
862 534
418 996
862 547
774 947
369 485
751 267
485 369
774 947
774 947
774 947
774 947
765 86
854 356
728 605
369 485
251 987
586 762
61 502
61 718
774 947
854 517
862 293
942 135
924 541
774 947
924 644
644 924
260 90
924 644
924 541
532 516
628 135
742 61
500 814
644 924
61 718
61 742
61 517
61 502
61 851
61 356
643 685
531 987
531 987
924 14
924 14
774 947
862 379
862 662
541 924
500 814
506 767
887 383
887 383
541 924
506 480
506 688
506 828
506 78
506 929
506 192
506 745
506 404
506 899
506 289
586 762
737 849
107 201
61 742
61 915
963 67
868 126
478 267
126 790
774 947
1001 410
356 586
362 841
362 841
233 692
233 692
963 67
248 607
887 383
11 633
61 306
61 356
61 718
854 89
5 670
760 738
670 5
532 381
760 738
126 762
5 670
11 633
648 416
433 789
670 605
11 633
517 157
517 542
517 565
517 166
517 61
517 674
670 5
950 663
648 948
963 415
61 742
61 915
61 517
61 900
774 947
126 868
126 586
648 790
774 947
862 534
657 173
657 173
654 738
774 947
714 90
648 267
898 335
61 718
264 329
774 947
774 947
774 947
517 61
963 67
126 294
126 586
517 718
517 742
517 915
137 581
517 900
126 948
774 947
517 478
517 751
517 267
517 648
126 586
126 294
517 61
742 306
742 443
742 159
105 418
369 535
868 126
208 236
774 947
126 868
126 762
535 369
173 506
803 546
891 629
810 881
381 532
541 719
868 889
868 648
891 629
868 730
963 67
414 891
774 947
685 1001
522 75
414 746
62 646
62 646
62 646
433 994
433 540
570 765
522 746
774 947
153 977
500 332
541 924
881 810
522 546
774 947
500 814
576 506
685 605
774 947
126 500
517 803
166 762
803 517
500 126
62 542
1001 605
1001 685
433 987
550 546
765 528
774 947
765 721
220 833
963 67
14 924
774 947
5 277
765 232
765 232
774 947
532 381
126 782
648 868
862 293
942 135
949 912
868 648
685 605
685 1001
719 541
765 542
899 335
335 118
774 947
335 899
365 118
542 62
648 790
899 335
765 232
942 135
898 685
648 912
776 617
433 994
433 540
868 765
289 810
586 762
553 107
950 663
644 199
153 836
868 765
868 356
369 913
685 898
153 836
14 381
868 356
220 833
506 199
414 687
949 416
742 214
742 306
742 568
742 784
868 126
644 199
418 105
898 335
868 416
289 810
810 289
891 24
541 924
891 530
862 178
984 762
949 416
868 52
231 2
648 946
685 605
161 771
126 416
996 418
924 541
924 541
774 947
997 214
532 13
532 516
837 738
743 356
886 250
61 718
1001 685
997 607
126 868
841 935
963 67
126 52
14 924
14 796
774 947
862 178
868 356
868 416
743 602
868 984
107 192
702 644
208 783
685 1001
774 947
107 718
107 718
774 947
774 947
774 947
516 783
984 762
774 947
774 947
742 61
997 75
949 439
908 721
648 356
854 166
292 135
648 256
231 245
444 535
774 947
14 1001
899 289
365 377
365 377
506 404
776 687
5 175
0 208
743 948
289 899
517 267
14 1001
335 923
532 804
256 356
233 75
650 828
891 607
418 105
924 850
506 996
62 823
62 214
62 214
643 685
327 381
444 535
444 383
807 306
650 738
648 232
850 783
205 90
776 53
62 646
823 120
682 738
682 783
682 654
682 650
289 810
774 947
381 810
774 947
774 947
912 77
500 814
500 332
810 381
107 335
774 947
62 485
803 112
682 738
682 650
804 881
516 13
736 581
289 810
433 540
810 289
516 1001
369 913
804 532
506 996
208 0
433 738
648 168
500 435
531 482
682 738
682 783
682 654
881 804
260 762
924 122
14 702
854 751
854 730
522 19
703 771
542 586
62 472
553 107
803 517
433 987
774 947
416 762
14 924
542 62
542 823
542 923
823 120
14 702
854 332
362 207
531 987
14 1001
774 947
107 532
949 168
949 266
949 439
980 107
135 371
135 4
135 542
135 170
135 82
135 628
107 393
107 652
949 168
335 468
231 245
414 891
135 870
737 440
774 947
369 250
949 168
949 260
949 266
949 439
575 782
575 472
996 418
746 668
532 804
996 418
924 122
924 506
924 14
532 804
126 790
126 586
126 586
418 105
418 105
418 996
418 105
931 590
774 947
774 947
774 947
774 947
14 381
800 62
62 800
542 250
105 418
803 166
485 62
62 75
702 14
418 996
418 977
418 996
418 996
105 418
381 810
674 112
774 947
418 105
192 381
950 663
500 332
899 808
541 134
500 332
643 685
553 107
500 332
912 168
950 663
868 30
868 790
885 111
220 91
62 163
541 923
685 484
808 899
746 813
924 702
702 924
924 702
924 702
924 644
924 1001
949 168
532 516
62 646
516 532
393 843
996 506
532 700
996 506
746 720
537 440
393 843
260 90
532 516
178 605
774 947
414 891
517 546
751 112
912 168
289 810
722 823
823 722
722 823
542 591
542 62
542 915
542 923
62 823
912 356
886 250
381 335
823 62
542 62
289 810
0 184
774 947
624 840
774 947
823 722
14 90
624 329
774 947
506 923
823 2
774 947
96 638
774 947
996 506
774 947
949 439
1004 275
506 923
0 214
1004 189
624 955
774 947
850 924
823 163
646 62
335 107
549 687
107 335
107 335
107 335
107 335
369 913
648 765
774 947
931 171
517 112
362 383
500 332
854 542
220 150
774 947
289 810
854 948
774 947
107 5
742 272
62 120
671 633
671 633
774 947
774 947
774 947
335 53
774 947
220 334
135 405
648 168
289 810
135 581
774 947
810 289
850 738
742 214
774 947
648 168
62 214
220 75
854 751
774 947
774 947
774 947
774 947
289 335
774 947
963 67
517 915
646 513
646 369
774 947
774 947
774 947
317 86
317 229
774 947
963 67
774 947
774 947
774 947
774 947
854 730
648 356
868 790
62 214
685 484
220 471
854 730
774 947
854 332
135 783
774 947
135 371
774 947
362 383
516 828
774 947
774 947
107 98
703 120
107 192
531 482
774 947
551 367
551 214
751 196
737 440
478 267
743 516
551 214
347 147
841 746
516 743
963 67
743 516
381 810
517 444
517 535
774 947
810 381
542 646
774 947
347 715
381 327
963 67
881 996
881 506
135 371
335 107
135 371
135 4
135 170
751 267
135 581
135 628
135 746
774 947
362 857
759 762
362 857
231 2
231 502
135 82
335 53
628 135
751 112
854 485
0 732
62 542
362 371
105 418
56 994
742 591
742 687
517 157
854 751
774 947
774 947
963 67
685 605
685 1001
231 840
963 67
774 947
516 743
1004 977
335 118
517 157
996 881
381 664
362 371
347 147
774 947
14 924
774 947
517 915
56 540
62 799
980 718
737 175
737 275
737 849
774 947
742 863
774 947
774 947
810 881
381 532
506 881
96 420
485 369
742 443
742 581
742 135
949 416
949 168
949 912
949 168
418 105
418 105
418 977
949 168
532 381
746 813
746 935
746 668
774 947
774 947
774 947
14 702
107 810
742 765
418 996
418 996
996 418
347 171
107 236
996 418
746 935
369 485
646 513
646 369
774 947
810 381
774 947
648 721
648 112
410 663
774 947
220 150
369 485
111 168
921 657
921 32
14 702
135 292
433 32
135 703
841 90
135 170
775 738
231 2
231 245
433 987
433 540
220 90
433 987
996 506
506 996
949 439
949 266
949 260
949 168
260 912
305 232
881 804
556 416
804 881
256 416
135 4
135 942
369 250
949 439
810 881
742 591
742 687
899 808
14 1001
327 381
808 899
500 814
949 439
774 947
774 947
924 644
774 947
347 933
153 977
774 947
774 947
703 771
774 947
703 771
433 32
774 947
208 0
0 208
819 329
819 329
62 485
347 933
819 329
292 90
774 947
823 951
485 62
485 646
743 602
743 443
231 483
774 947
248 90
381 810
774 947
542 854
854 751
736 170
774 947
56 994
56 540
800 62
14 702
774 947
774 947
774 947
599 605
208 0
809 159
774 947
810 289
289 810
292 135
774 947
810 289
14 702
506 480
506 289
506 828
506 192
506 745
532 107
774 947
931 277
14 702
774 947
289 810
854 485
444 535
397 975
809 214
485 62
62 485
837 738
837 13
774 947
14 506
14 924
751 854
810 289
819 329
109 166
14 1001
774 947
14 1001
464 335
381 192
362 383
774 947
924 702
220 90
56 890
924 702
774 947
823 239
1004 189
774 947
774 947
774 947
774 947
742 900
742 863
230 972
703 771
774 947
774 947
774 947
774 947
774 947
220 90
205 997
205 63
774 947
924 199
924 996
924 506
924 173
924 1001
924 682
924 14
774 947
774 947
506 480
506 828
506 192
506 745
850 197
719 410
719 14
751 854
517 915
506 289
220 90
418 105
397 975
517 530
517 731
517 742
517 948
517 112
517 267
517 851
517 450
517 915
517 135
329 692
418 105
418 105
810 289
335 2
951 663
810 381
517 920
517 803
810 381
599 605
924 702
924 644
924 1001
924 702
804 532
14 702
14 702
746 813
62 214
14 702
14 924
105 418
126 74
126 586
393 107
500 332
500 435
1004 189
14 1001
774 947
135 371
746 157
949 168
135 628
260 762
233 692
105 418
381 532
58 909
742 400
742 306
742 659
264 601
500 814
685 605
685 1001
648 313
838 629
809 987
924 14
535 113
924 682
924 173
14 924
774 947
500 814
774 947
14 724
14 796
746 813
746 935
746 214
746 668
924 14
924 14
924 702
924 644
924 199
924 996
924 506
924 1001
776 257
702 14
107 980
650 761
650 541
980 464
963 67
963 67
107 393
107 808
107 381
107 175
107 201
107 335
107 1004
107 670
107 236
107 289
107 688
107 664
414 891
838 629
1001 685
838 629
535 113
949 168
949 266
949 439
980 107
949 168
624 540
868 383
551 823
418 105
838 629
531 482
868 383
910 170
868 383
335 107
14 506
14 924
868 356
774 947
646 369
646 513
542 692
220 334
220 91
220 75
220 196
774 947
628 135
220 334
220 75
774 947
369 535
774 947
135 628
703 771
648 790
657 738
774 947
439 912
439 168
439 416
774 947
439 912
996 418
703 784
648 168
640 528
418 996
774 947
963 67
774 947
949 168
703 771
231 28
774 947
397 975
703 771
439 912
774 947
439 949
949 439
107 898
500 332
774 947
774 947
502 605
305 946
317 835
317 152
317 86
317 229
774 947
69 38
69 38
921 32
774 947
823 120
535 369
736 214
963 67
51 841
517 803
774 947
628 135
803 948
14 881
14 796
14 1004
899 29
14 921
774 947
703 771
643 685
774 947
153 977
153 996
703 771
598 946
598 305
58 909
774 947
841 720
841 746
153 418
107 899
107 192
107 5
14 924
774 947
646 513
646 369
746 813
746 720
746 692
746 935
746 214
746 841
746 687
746 550
746 668
418 996
924 14
537 236
924 14
996 418
1004 16
924 14
365 118
868 356
335 175
433 540
984 762
500 332
433 540
135 214
135 90
774 947
774 947
135 61
433 738
598 472
774 947
111 782
774 947
166 743
774 947
774 947
850 828
774 947
774 947
178 605
14 506
14 924
924 506
924 14
532 804
506 767
135 628
14 924
14 924
14 506
14 924
746 813
746 684
746 935
335 381
746 668
537 236
369 250
369 913
369 513
774 947
774 947
774 947
800 62
800 62
924 702
924 644
924 199
774 947
924 996
924 173
924 1001
924 682
924 14
924 644
516 13
644 924
369 535
924 506
963 67
850 576
850 516
194 306
1004 509
107 178
107 607
107 127
107 850
685 605
685 1001
628 135
289 107
774 947
980 314
774 947
192 107
289 192
135 628
220 278
500 814
774 947
13 516
517 718
107 118
107 553
107 737
107 810
107 537
107 208
107 29
107 327
823 485
963 67
14 924
646 62
628 871
517 782
624 329
105 418
638 663
220 196
963 67
850 197
774 947
192 289
850 173
850 783
850 924
850 979
850 804
850 745
850 1001
850 719
850 837
850 270
850 654
850 682
850 14
850 881
850 327
850 650
850 541
850 13
850 761
850 506
850 996
774 947
646 62
289 192
192 381
628 135
980 107
553 107
980 107
640 833
654 738
886 250
838 629
850 738
850 702
850 657
850 921
850 644
850 199
685 630
737 440
107 985
397 975
231 28
804 532
506 783
506 783
868 948
868 30
868 730
868 790
550 546
107 178
107 987
107 127
107 850
838 288
728 605
924 14
963 67
506 14
264 329
506 923
550 595
14 1001
575 472
418 996
537 236
135 292
891 629
854 250
702 14
742 784
362 670
362 586
942 135
305 946
949 168
506 783
506 923
868 30
550 546
362 118
541 923
742 863
742 771
14 924
500 332
135 371
500 416
819 329
703 771
819 329
283 2
912 168
912 472
14 924
742 272
742 306
742 659
742 784
742 863
1001 644
646 62
500 435
644 91
433 994
369 913
369 913
648 416
648 112
14 506
550 546
500 782
963 67
940 75
1001 189
1001 783
14 702
648 790
433 994
14 605
532 804
646 62
335 464
1001 343
737 440
1001 14
746 534
774 947
980 718
11 633
365 118
963 67
865 890
500 332
963 67
823 62
823 120
532 381
362 383
648 790
500 332
419 977
685 605
685 1001
178 605
810 289
841 828
841 245
11 633
737 440
500 332
638 663
135 462
774 947
624 329
381 335
774 947
289 810
996 199
500 814
14 724
14 796
500 814
963 67
362 166
980 718
819 329
260 168
381 532
500 332
963 67
963 67
774 947
703 951
531 987
774 947
854 535
854 542
837 745
746 813
746 591
746 692
746 935
746 687
746 870
746 223
746 388
963 67
674 112
317 306
774 947
1001 650
650 1001
646 513
646 369
439 949
444 250
774 947
433 32
500 332
648 416
1001 650
746 813
746 692
746 935
746 223
746 534
774 947
774 947
500 332
433 994
886 250
369 913
644 506
644 783
105 418
260 912
746 813
746 720
746 935
746 935
746 720
746 841
418 996
949 912
688 670
942 135
628 82
648 356
500 814
105 418
105 418
1001 14
924 14
774 947
14 1001
14 1001
774 947
963 67
774 947
774 947
774 947
14 605
774 947
774 947
774 947
774 947
774 947
774 947
774 947
774 947
135 942
774 947
899 29
535 369
671 241
500 332
161 771
418 105
418 105
703 771
774 947
774 947
910 170
979 783
949 168
480 506
418 996
949 168
774 947
774 947
283 700
433 540
161 784
774 947
135 90
774 947
628 871
628 937
949 168
418 105
105 418
105 418
803 948
14 1001
980 464
963 67
62 214
774 947
803 948
774 947
774 947
418 996
751 267
433 987
427 955
774 947
283 2
742 900
648 416
648 356
0 228
0 519
0 605
0 178
0 599
0 976
0 767
0 409
0 6
0 78
0 929
0 693
0 249
0 502
0 99
362 909
0 710
940 257
571 111
1001 14
774 947
644 850
996 418
205 692
14 738
14 921
205 364
535 369
535 369
535 369
571 111
571 111
571 111
703 784
571 111
571 111
644 850
0 314
807 306
0 538
868 948
979 783
58 909
774 947
774 947
517 718
646 369
433 849
397 975
774 947
14 924
774 947
963 67
963 67
774 947
135 90
0 991
774 947
0 716
646 513
135 157
0 862
0 189
648 392
648 751
648 674
648 948
648 112
648 517
648 267
0 470
868 730
648 803
0 595
0 236
774 947
0 249
841 746
648 356
774 947
