178 767
178 339
178 409
178 976
178 0
178 228
178 599
178 605
178 6
178 228
790 168
990 178
184 393
178 569
178 78
178 538
178 929
178 605
851 978
184 607
178 599
178 569
178 470
178 862
178 991
178 314
178 333
178 710
178 99
178 502
178 249
178 693
178 295
851 167
1000 499
423 832
435 500
435 332
435 782
416 415
1000 48
1000 684
383 909
595 890
595 687
595 718
942 135
178 0
415 416
649 663
912 214
416 425
672 844
416 435
135 915
178 990
951 584
951 284
951 15
951 749
288 484
288 773
288 846
288 391
288 630
288 629
909 862
278 98
838 24
506 173
846 288
178 976
178 862
178 767
844 956
556 416
383 179
772 609
178 990
196 278
179 383
383 179
772 120
383 807
772 120
772 75
696 229
696 248
696 607
135 371
696 334
135 581
581 135
559 420
559 50
890 595
697 720
274 167
274 469
274 188
14 702
343 663
274 142
274 469
274 188
506 404
178 99
178 502
135 870
120 772
609 53
696 229
178 862
178 538
178 991
178 314
178 333
178 710
178 99
178 502
178 249
178 693
178 929
178 295
178 78
178 6
178 409
178 470
332 435
633 923
630 415
696 248
696 607
696 334
91 774
891 530
696 229
696 248
178 339
696 607
644 1001
91 830
135 581
518 551
503 723
365 716
304 4
696 334
720 746
454 196
720 746
497 281
500 435
41 565
41 499
136 915
512 469
512 469
415 500
723 565
723 499
551 518
48 499
605 840
840 873
772 120
951 866
900 450
915 136
73 499
840 231
840 994
840 245
840 624
840 582
840 987
840 764
920 656
906 88
90 693
909 383
624 840
720 196
663 534
663 528
214 278
840 318
319 499
337 113
707 680
707 923
707 951
707 880
951 225
951 883
231 873
559 420
322 70
918 499
439 648
439 168
915 316
697 293
915 136
260 168
900 193
78 502
104 425
193 900
120 772
552 160
900 193
765 90
923 633
70 196
840 2
164 943
332 435
559 420
559 50
633 923
586 267
586 984
951 13
720 746
136 915
518 535
61 243
61 534
542 120
542 120
844 684
245 588
951 225
951 883
383 909
92 31
92 31
92 31
92 31
196 318
92 31
343 310
92 31
135 581
306 873
120 542
120 62
851 167
951 235
120 542
120 823
765 30
107 1004
951 214
435 974
909 362
909 383
909 528
909 589
823 120
135 942
633 923
92 31
1001 506
840 338
840 925
840 56
840 955
840 605
196 413
196 120
196 429
196 291
196 454
940 196
804 532
746 720
435 196
214 278
840 32
415 762
840 170
840 540
267 586
950 103
693 90
92 915
92 915
92 915
92 915
746 720
404 595
746 720
746 720
435 332
500 415
663 343
840 61
840 311
697 293
120 823
168 472
915 530
915 920
915 586
334 191
337 505
92 838
915 731
334 135
966 575
48 558
535 542
191 997
248 696
168 439
544 143
915 167
915 662
915 656
335 289
191 75
191 334
885 586
607 75
107 201
738 541
586 915
191 190
915 135
915 988
915 450
915 443
915 851
915 857
874 540
874 840
874 231
874 873
248 607
248 334
120 671
322 70
120 940
180 847
759 984
940 120
175 423
720 65
191 752
885 951
720 147
977 423
707 951
248 696
335 175
248 229
940 159
874 245
874 764
168 790
191 220
940 890
940 193
940 239
940 772
940 633
940 120
940 951
940 214
940 609
940 90
940 53
53 923
335 201
335 980
335 1004
425 104
823 542
823 120
823 62
696 229
696 248
696 607
912 77
104 425
416 962
435 332
86 662
86 443
912 77
581 135
873 231
833 127
696 334
696 248
288 629
915 135
334 324
324 214
962 70
962 601
724 189
724 181
425 104
112 517
517 112
506 1001
581 135
104 425
696 229
696 607
707 609
915 517
738 654
135 586
947 774
718 994
454 53
335 29
335 537
335 464
335 553
335 118
335 5
335 192
335 899
335 898
335 688
335 670
628 135
738 783
873 231
774 947
425 104
292 942
239 951
70 601
984 762
127 718
718 127
823 120
956 499
24 891
425 232
77 912
334 696
327 381
915 586
885 586
435 586
435 267
41 73
790 2
790 2
388 2
416 2
867 2
126 2
126 2
532 2
532 2
790 2
790 2
52 2
923 2
983 2
790 2
700 2
168 2
700 2
168 790
662 86
325 671
14 924
812 790
812 790
535 369
179 383
790 126
804 761
804 761
431 188
788 634
168 260
790 2
575 168
700 2
662 443
700 2
868 2
782 2
790 2
168 2
586 2
789 2
322 2
790 2
231 2
313 2
812 2
984 2
790 2
119 2
168 912
168 868
812 2
966 2
790 2
532 2
77 2
334 2
334 2
231 2
790 2
868 2
790 2
696 2
812 2
77 2
335 2
790 2
898 2
790 2
231 2
502 2
697 925
260 168
232 472
335 898
335 688
335 670
335 1004
335 980
335 201
335 175
335 289
634 638
977 950
175 5
214 912
514 780
514 950
535 518
335 899
514 780
335 192
335 118
41 723
1004 208
404 169
214 178
214 316
214 324
951 706
951 323
609 890
609 1003
609 671
335 29
335 537
335 464
335 553
335 5
866 951
32 791
951 715
605 178
605 178
605 178
605 178
605 178
605 178
605 178
605 178
605 178
696 248
485 62
605 178
605 178
605 178
425 104
586 984
951 926
472 232
425 104
605 538
951 866
534 692
423 246
423 977
423 101
605 178
404 506
439 912
605 178
425 104
532 516
915 142
534 64
104 425
891 530
335 688
696 607
544 563
178 929
178 409
500 782
1001 950
646 62
62 646
178 599
950 1001
70 388
646 62
646 62
112 267
214 127
267 112
586 435
178 99
127 595
127 214
920 142
332 126
990 482
990 31
990 165
990 207
595 127
851 167
24 629
200 952
425 214
127 923
942 135
127 595
127 214
586 984
718 904
718 281
718 716
61 718
281 718
388 70
984 586
500 814
232 425
281 127
225 951
416 120
416 425
126 416
179 789
239 951
851 428
851 530
98 713
239 159
98 454
98 107
718 724
718 189
718 16
718 377
718 32
718 843
718 365
718 114
16 718
1001 950
98 268
98 707
98 401
98 278
98 117
98 429
239 713
239 214
126 790
178 538
605 178
551 250
605 178
915 428
912 885
912 168
912 586
912 984
912 74
500 782
500 435
391 484
391 288
391 373
605 178
819 329
605 178
700 790
746 720
245 540
245 329
245 233
245 231
245 264
245 624
245 764
605 178
605 178
605 178
920 630
630 920
70 388
912 168
605 178
851 920
984 912
984 168
629 685
629 846
629 280
629 360
629 630
629 891
629 631
629 160
629 530
629 750
629 493
629 561
629 658
662 443
629 24
629 24
984 885
629 288
920 530
984 586
984 74
214 425
532 804
688 553
126 332
707 680
707 923
707 98
707 951
707 609
416 120
416 425
920 428
920 851
629 526
239 951
522 550
324 591
662 443
630 685
926 748
532 1001
912 439
912 168
912 439
912 168
912 439
912 266
912 168
912 472
912 575
991 654
991 61
991 858
443 86
991 654
532 804
891 24
135 703
135 697
135 581
135 170
135 530
135 542
135 586
135 594
784 769
804 532
532 804
532 804
804 532
804 761
1001 532
862 832
443 662
369 263
168 912
912 168
942 135
761 881
991 858
912 168
761 516
761 804
335 553
991 654
991 654
991 858
991 858
991 654
288 391
912 868
369 513
565 684
168 912
991 61
991 61
991 654
991 654
991 654
991 61
866 951
135 581
991 858
991 858
991 858
561 24
561 846
561 280
561 658
318 332
746 935
984 762
443 662
416 752
416 257
0 732
416 126
940 214
75 772
75 120
75 334
104 425
135 742
605 178
135 834
605 178
135 157
605 178
416 880
532 1001
416 454
416 91
700 790
812 790
416 833
416 134
416 890
416 707
416 185
416 235
416 1003
416 633
416 150
416 951
416 214
416 617
416 90
416 191
157 586
605 178
113 337
703 135
696 229
696 248
696 607
696 334
696 229
696 248
696 687
696 334
482 531
696 229
696 248
696 607
696 718
696 334
383 586
643 685
530 920
530 428
605 178
586 157
936 765
936 104
912 168
314 929
765 523
765 742
765 581
761 804
790 126
126 790
913 369
913 535
915 142
530 851
874 925
851 387
984 168
280 851
280 915
280 530
280 920
543 165
214 865
214 220
214 334
214 178
214 316
214 65
214 997
214 435
214 190
214 107
977 1004
214 940
977 423
120 923
991 61
772 923
75 196
923 151
923 890
923 278
923 687
923 617
923 591
977 103
532 381
873 306
880 923
31 165
56 482
772 75
990 207
214 987
214 927
609 923
260 168
609 196
630 288
228 61
601 70
118 335
135 628
135 82
135 870
135 581
135 170
135 4
135 371
135 923
532 804
214 612
586 332
435 500
214 413
214 70
214 499
214 978
214 850
214 147
214 127
214 515
214 40
214 569
214 544
214 629
214 963
214 720
151 923
332 586
135 942
990 424
990 190
868 912
868 168
104 425
868 912
868 168
758 956
758 723
425 104
214 940
991 858
991 61
415 811
991 858
991 654
991 61
518 551
225 951
335 688
950 1001
688 335
56 540
924 14
923 671
923 633
854 518
518 854
429 454
246 724
2 700
178 333
178 502
178 249
178 693
178 0
425 104
990 165
758 918
956 558
923 53
923 159
800 62
113 62
790 119
951 923
991 858
518 551
14 924
113 62
991 858
990 316
990 302
990 954
990 31
923 367
956 499
923 39
923 90
387 851
113 62
923 890
923 476
923 707
923 193
923 239
923 235
923 875
923 772
923 633
923 120
923 951
923 214
923 609
923 880
500 383
585 547
924 14
499 956
381 643
601 70
862 99
134 807
926 715
971 543
696 428
696 229
696 534
696 248
696 851
696 157
696 915
696 410
978 35
696 607
978 141
978 188
178 6
178 409
178 767
178 339
178 976
178 0
178 569
178 599
178 605
178 228
314 929
874 925
70 214
70 601
416 214
978 167
178 78
696 692
70 65
98 713
275 327
951 866
920 630
851 978
369 535
120 53
630 920
874 540
874 840
874 231
874 873
874 245
874 764
984 912
98 454
696 334
98 429
98 117
551 518
99 929
332 126
62 800
800 62
984 885
984 912
984 168
984 586
984 74
98 134
98 268
98 707
98 401
98 278
98 107
335 118
178 929
178 249
472 168
168 439
168 912
925 874
720 746
214 951
617 923
278 923
235 923
425 356
425 112
425 472
707 923
288 846
425 730
472 168
425 472
168 472
509 638
335 118
232 472
418 996
1001 103
1001 702
595 127
61 228
804 532
439 912
439 168
804 532
595 71
318 196
318 840
912 435
472 168
178 693
559 50
288 484
696 229
696 607
696 692
696 334
926 336
926 715
920 274
178 470
178 862
178 538
178 314
178 333
178 710
178 99
178 502
926 715
343 310
926 336
633 873
288 773
288 846
288 391
288 630
288 629
288 484
288 773
288 846
288 391
288 629
696 229
696 248
696 607
696 334
662 443
334 923
288 846
500 951
288 484
165 626
737 107
425 946
267 142
126 52
638 509
142 915
381 192
334 742
926 748
926 336
926 565
926 347
926 129
947 774
114 275
774 947
585 937
107 98
107 98
107 98
107 98
107 98
107 98
107 98
107 98
107 98
107 98
107 98
107 98
107 98
107 98
626 165
926 577
926 715
275 114
334 450
445 891
15 584
362 383
143 669
53 191
383 362
720 746
929 333
362 383
812 465
812 790
812 2
812 700
812 119
720 746
599 929
107 98
599 314
445 891
334 193
334 278
334 633
334 692
774 947
947 774
15 680
200 952
142 267
952 200
595 404
595 169
2 790
91 716
299 388
383 586
107 98
107 98
107 98
107 98
107 98
107 98
107 98
107 98
107 98
107 98
107 98
107 98
107 98
107 98
107 98
107 98
107 98
107 98
107 98
107 98
107 98
107 98
107 98
107 98
107 98
107 98
107 98
107 98
107 98
107 98
107 98
107 98
107 98
107 98
107 98
107 98
107 98
107 98
383 362
107 98
107 98
107 98
107 98
107 98
107 98
107 98
107 98
107 98
107 98
107 98
107 98
107 98
107 98
107 98
107 98
107 98
107 98
107 98
107 98
107 98
107 98
107 98
107 98
107 98
107 98
107 98
107 98
107 98
107 98
107 98
107 98
107 98
107 98
107 98
107 98
107 98
774 947
947 774
912 439
86 443
86 662
418 153
947 774
425 104
912 356
912 730
746 720
418 153
746 720
181 920
450 900
774 947
758 499
758 844
418 153
104 425
416 962
418 977
951 807
628 135
586 267
165 207
774 947
586 166
314 693
334 910
267 648
267 517
267 751
267 478
61 718
586 166
648 267
267 648
38 832
950 88
246 101
425 104
784 742
950 103
135 870
135 581
135 371
135 628
843 907
947 774
906 88
104 425
846 288
88 906
906 88
75 910
669 143
246 423
88 46
774 947
0 951
84 323
609 940
738 783
738 654
425 104
947 774
833 415
833 720
609 471
774 947
147 720
947 774
104 425
260 168
88 906
107 98
774 947
947 774
696 595
323 951
783 541
951 323
193 900
231 540
718 61
193 624
165 207
850 1001
582 540
700 790
987 962
169 595
207 165
443 86
518 416
500 814
104 425
912 168
362 383
423 246
423 977
423 101
383 362
514 962
759 166
362 383
774 91
56 482
774 947
947 774
143 669
171 715
500 687
61 718
90 107
910 692
586 915
70 324
586 267
517 267
517 112
586 267
940 53
672 844
586 267
151 278
774 947
164 420
838 112
267 586
383 586
500 814
910 329
500 332
168 912
774 947
147 926
910 334
112 149
910 75
984 762
774 947
947 774
294 74
294 416
648 267
910 231
586 383
586 500
586 500
168 294
940 609
107 98
107 98
774 947
947 774
774 947
278 923
947 774
880 923
947 774
774 947
471 15
471 840
700 2
774 947
471 518
947 774
947 774
774 947
947 774
947 774
439 912
439 168
168 912
168 356
168 472
168 912
765 104
659 306
925 697
925 311
925 955
947 774
774 540
774 947
774 947
774 947
469 630
290 614
589 383
192 506
29 506
344 373
344 165
506 192
344 373
344 165
609 707
772 120
772 951
880 538
175 849
175 275
850 415
480 482
844 499
782 472
528 2
306 720
167 141
15 471
31 165
31 165
334 772
70 962
951 540
135 586
150 147
107 464
150 850
850 962
245 540
304 4
609 707
239 951
605 685
605 1001
416 648
135 292
761 804
323 906
804 761
292 135
439 949
305 232
812 790
812 790
233 540
532 804
532 761
135 581
356 912
356 730
804 761
761 532
800 62
66 575
912 168
912 356
912 439
912 266
912 77
912 260
912 168
912 949
912 416
912 472
912 575
912 232
912 648
912 472
804 532
535 369
416 556
761 532
949 168
356 77
86 443
86 443
86 152
761 532
168 439
168 949
912 356
912 730
356 912
356 730
356 912
356 730
356 912
356 730
356 765
439 168
356 416
356 948
532 804
532 761
532 761
532 761
418 153
812 790
790 812
356 912
356 730
78 506
506 78
74 256
453 595
356 416
356 765
356 250
316 428
851 978
851 978
774 947
53 75
178 693
867 2
862 909
58 909
920 181
742 214
435 500
435 332
75 53
742 334
977 1004
947 774
718 994
136 316
84 323
53 518
605 333
851 167
909 862
774 947
500 542
702 1001
181 724
181 189
500 746
126 790
951 540
947 774
846 288
643 381
951 239
147 277
605 178
517 591
369 535
912 730
335 201
335 175
335 289
505 337
582 105
324 70
505 337
435 332
947 774
752 120
167 851
142 267
318 332
107 98
107 98
335 980
813 668
335 1004
335 688
912 356
332 435
692 191
774 947
692 738
547 383
335 29
335 537
335 464
335 553
335 118
335 5
335 192
335 899
335 898
335 670
120 70
517 920
517 742
500 586
586 294
518 53
697 925
697 293
425 104
586 746
175 275
104 425
120 196
120 198
120 752
697 925
697 170
697 873
56 482
697 855
294 586
586 294
290 589
947 774
586 135
11 316
774 947
104 425
5 175
316 11
633 923
214 951
685 605
648 52
648 743
586 383
955 231
275 175
517 530
697 293
120 772
518 854
772 120
332 435
310 343
314 929
648 356
738 264
14 506
909 58
517 731
517 450
517 851
517 135
517 687
517 915
517 112
977 418
547 851
611 921
207 99
369 913
774 947
854 542
586 854
913 369
558 499
369 913
920 353
913 369
947 774
458 48
458 499
854 518
854 250
112 517
614 290
425 104
168 912
107 175
107 643
107 381
107 808
107 393
707 951
107 201
940 951
337 505
337 505
207 988
306 374
942 135
267 648
61 306
107 980
107 335
107 1004
107 737
107 532
107 553
107 118
107 5
107 192
107 899
107 468
107 898
107 985
107 664
107 688
107 289
107 236
107 670
267 517
267 751
267 478
90 693
704 765
605 178
696 229
906 88
178 90
594 135
246 101
178 214
987 432
987 849
987 540
987 840
987 789
987 231
987 311
696 229
107 464
324 591
178 90
90 178
929 314
951 404
88 906
324 591
522 546
178 693
178 90
267 648
267 517
267 751
267 478
546 522
120 823
120 62
868 471
107 810
107 537
107 208
534 247
534 323
534 460
534 649
534 740
534 139
534 38
534 206
534 489
534 84
534 477
534 154
534 893
534 322
534 102
534 474
534 879
534 309
534 788
855 540
671 609
53 951
951 369
987 872
425 912
980 107
178 862
178 99
178 502
32 534
193 581
534 676
534 919
534 906
534 106
987 872
534 562
534 64
214 371
214 776
214 920
214 738
214 865
214 220
214 334
214 178
214 316
214 324
940 65
107 652
107 320
107 327
107 29
214 530
534 939
214 720
214 629
534 622
534 42
534 510
534 601
534 591
214 141
214 742
214 515
214 531
214 746
214 356
214 40
214 569
214 692
214 544
214 963
987 809
987 482
987 873
873 231
159 70
369 62
538 605
1002 319
873 231
425 104
942 292
942 341
873 231
512 469
512 469
135 450
135 581
135 371
253 290
873 231
823 62
823 542
514 950
75 546
514 950
873 231
62 646
62 551
62 854
62 369
62 513
62 485
873 231
441 304
873 231
253 151
253 566
823 120
178 693
542 500
135 628
288 773
288 846
288 629
104 425
112 267
404 595
962 601
288 846
288 629
267 112
288 484
288 773
288 391
288 629
962 416
288 484
873 231
70 159
542 136
288 484
288 773
288 846
288 391
288 630
288 629
135 942
738 506
500 542
288 484
288 773
288 846
288 391
288 629
873 231
542 530
425 104
738 923
890 65
126 812
522 61
696 229
696 248
696 607
696 334
812 126
191 951
514 950
950 514
696 229
594 581
765 232
334 229
334 696
987 796
334 607
987 698
987 641
987 994
987 251
987 245
987 28
987 338
987 582
987 433
987 361
987 531
987 925
987 95
987 56
987 480
987 955
987 764
987 68
306 374
75 607
581 594
208 107
1004 208
1004 208
381 327
669 178
104 425
35 851
547 851
765 704
765 704
306 374
879 534
178 99
178 862
178 502
429 454
522 546
950 514
126 790
142 267
365 377
126 812
581 193
915 586
952 200
514 950
952 200
522 38
823 120
648 765
765 704
704 765
544 8
544 669
586 135
855 697
929 314
334 75
720 833
720 697
720 771
720 4
720 680
720 147
720 935
720 855
720 527
720 813
166 416
947 774
170 540
774 947
518 62
774 947
680 584
937 628
774 947
478 267
168 439
168 439
2 790
135 628
135 405
135 581
135 72
135 914
135 248
907 393
937 628
166 759
663 950
663 950
947 774
478 267
680 284
680 15
112 646
267 435
267 478
646 112
707 680
707 923
707 98
707 951
707 880
435 267
267 435
425 232
469 424
469 421
469 795
72 135
680 720
738 923
167 188
362 586
333 314
206 487
207 165
646 112
435 586
435 267
150 629
724 246
700 2
112 646
248 135
435 267
267 478
646 112
768 591
469 547
532 516
628 135
323 951
353 891
353 920
746 668
746 687
746 935
746 692
746 665
746 720
746 591
746 813
506 783
506 381
913 369
990 207
906 88
910 923
88 906
906 88
104 425
231 910
804 761
214 912
630 629
164 420
88 906
906 88
1004 977
88 906
906 88
629 630
630 629
88 906
906 88
356 648
532 516
388 132
356 730
776 502
891 353
248 891
891 248
891 248
248 891
891 248
248 891
891 530
516 532
532 804
439 168
804 532
532 804
532 804
891 248
356 912
891 248
335 790
369 913
800 62
912 214
586 435
248 891
586 447
166 743
586 362
61 243
369 535
532 516
532 804
532 29
532 5
532 236
804 532
288 773
469 188
469 301
947 774
29 867
774 947
867 29
381 327
420 96
420 559
420 740
420 879
420 164
680 15
696 229
696 248
696 607
696 334
867 29
913 369
120 65
758 41
730 912
730 356
29 867
381 532
774 947
628 135
534 120
947 774
790 168
672 844
936 581
758 956
758 73
758 723
758 918
774 947
891 353
15 680
752 65
216 321
607 75
517 112
586 915
951 706
951 997
951 617
951 415
951 191
951 940
951 752
951 865
135 72
135 405
516 532
216 499
947 774
947 774
190 891
374 306
774 947
314 333
947 774
178 929
873 231
883 843
70 120
267 142
935 720
774 947
947 774
710 929
334 75
190 629
774 947
469 614
120 70
628 937
65 120
65 951
65 90
65 607
65 415
65 53
65 752
439 168
135 405
98 134
98 268
98 401
98 278
98 117
98 107
65 150
98 429
65 687
65 1003
469 954
469 817
469 957
469 167
469 35
469 207
469 241
518 535
909 383
267 435
112 646
65 134
65 890
65 193
65 239
65 772
120 534
98 454
135 581
935 111
752 191
951 65
150 65
774 947
935 720
935 720
947 774
423 246
774 947
662 443
662 86
38 522
584 680
947 774
891 530
98 713
383 909
956 48
947 774
909 383
405 135
774 947
90 65
723 73
723 758
723 41
947 774
700 2
774 947
758 956
758 723
867 29
758 956
947 774
846 288
